105.00000000 0.98000000 0.95000000 -76.19769220 0.74737298 0.00954757 
                                -76.36384182 -76.36885695 0.73195374 0.00919074 
105.00000000 1.08000000 0.95000000 -76.18745754 0.75718061 0.03820904 
                                -76.35316407 -76.35828875 0.74011942 0.03677339 
103.00000000 0.93000000 0.93000000 -76.19594428 0.75067360 0.00000000 
                                -76.36261823 -76.36756437 0.73661610 0.00000000 
105.00000000 0.97000000 0.95000000 -76.19794847 0.74628175 0.00640532 
                                -76.36415974 -76.36916453 0.73103402 0.00616717 
103.00000000 0.98000000 0.98000000 -76.19751433 0.76193711 0.00000003 
                                -76.36351085 -76.36855866 0.74617291 0.00000000 
103.00000000 1.01000000 1.01000000 -76.19420986 0.76768447 -0.00000001 
                                -76.35987301 -76.36498466 0.75091424 0.00000000 
103.00000000 1.03000000 1.03000000 -76.19061702 0.77103505 0.00000000 
                                -76.35608757 -76.36124295 0.75361690 0.00000000 
103.00000000 0.95000000 0.95000000 -76.19778793 0.75540964 0.00000000 
                                -76.36417247 -76.36915858 0.74066983 0.00000000 
105.00000000 0.95000000 0.95000000 -76.19790119 0.74406139 0.00000001 
                                -76.36424543 -76.36922985 0.72915688 0.00000000 
107.00000000 0.95000000 0.95000000 -76.19781020 0.73242268 0.00000000 
                                -76.36412109 -76.36910437 0.71736215 0.00000000 
101.00000000 0.95000000 0.95000000 -76.19746345 0.76647946 0.00000000 
                                -76.36389527 -76.36888360 0.75191236 0.00000000 
104.00000000 0.95000000 0.95000000 -76.19787053 0.74977119 0.00000000 
                                -76.36423405 -76.36921925 0.73494787 0.00000000 
106.00000000 0.95000000 0.95000000 -76.19788078 0.73827936 -0.00000001 
                                -76.36420747 -76.36919126 0.72329548 0.00000000 
102.00000000 0.95000000 0.95000000 -76.19765252 0.76097825 0.00000000 
                                -76.36405983 -76.36904698 0.74632412 0.00000000 
106.00000000 0.93000000 0.95000000 -76.19701686 0.73604879 -0.00674674 
                                -76.36348985 -76.36845370 0.72140831 -0.00650671 
102.00000000 0.93000000 0.95000000 -76.19670483 0.75863875 -0.00597983 
                                -76.36325667 -76.36822378 0.74432576 -0.00575475 
108.00000000 0.93000000 0.95000000 -76.19686573 0.72431621 -0.00713983 
                                -76.36330976 -76.36827281 0.70952557 -0.00689263 
112.00000000 0.93000000 0.95000000 -76.19598659 0.69990486 -0.00794593 
                                -76.36239363 -76.36735669 0.68484926 -0.00768477 
106.00000000 0.91000000 0.95000000 -76.19519512 0.73379460 -0.01362341 
                                -76.36182720 -76.36677149 0.71949314 -0.01314841 
102.00000000 0.91000000 0.95000000 -76.19479893 0.75627037 -0.01209470 
                                -76.36150807 -76.36645549 0.74229621 -0.01164744 
108.00000000 0.91000000 0.95000000 -76.19508349 0.72212070 -0.01440662 
                                -76.36168756 -76.36663110 0.70766899 -0.01391820 
112.00000000 0.91000000 0.95000000 -76.19427885 0.69782914 -0.01601163 
                                -76.36084790 -76.36579160 0.68311112 -0.01549717 
106.00000000 0.91000000 0.98000000 -76.19492313 0.73741012 -0.02348620 
                                -76.36136135 -76.36633607 0.72259282 -0.02264909 
102.00000000 0.91000000 0.98000000 -76.19466116 0.76002442 -0.02080113 
                                -76.36117921 -76.36615727 0.74553873 -0.02001902 
104.87065000  0.96469900  0.96469900 -76.19812950 0.74802019 0.00000000
                                 -76.36427798 -76.36929239 0.73262099 0.00000000
110.00000000  0.95000000  0.95000000 -76.19730663 0.71438942 0.00000002
                                 -76.36358052 -76.36856311 0.69911533 0.00000000
104.30540000 0.95870000 0.95870000 -76.19813326 0.74997239 0.00000003
                                 -76.36437202 -76.36937461 0.73482552 0.00000000
105.00000000 0.95000000 0.94000000 -76.19757092 0.74293594 0.00325876
                                  -76.36398648 -76.36896087 0.72820334 0.00314016
111.00000000 0.95000000 0.95000000 -76.19704465 0.70821782 0.00000000
                                  -76.36330968 -76.36829231 0.69287891 0.00000000
105.50000000 0.95000000 0.95000000 -76.19789731 0.74117978 0.00000000
                                   -76.36423256 -76.36921665 0.72623510 0.00000000
104.30350000 0.95870000 0.95870000 -76.19813321 0.74998315 0.00000000
                                   -76.36437201 -76.36937460 0.73483655 0.00000000
109.00000000 0.95000000 0.95000000 -76.19752219 0.72047871 0.00000000
                                   -76.36380668 -76.36878937 0.70527347 0.00000000
104.38500000 0.95877000 0.95877000 -76.19813567 0.74953228 0.00000000
                                  -76.36437191 -76.36937458 0.73437645 0.00000000
104.60000000 0.96500000 0.96500000 -76.19812868 0.74964523 0.00000000           
                                   -76.36427852 -76.36929376 0.73425778 0.00000000
104.00000000 0.96000000 0.96000000 -76.19813603 0.75200105 0.00000000
                                   -76.36436366 -76.36936916 0.73683491 0.00000000
104.00000000 1.03000000 0.95000000 -76.19412859 0.75838173 0.02379172
                                   -76.36003870 -76.36510807 0.74220253 0.02288062
104.00000000 1.03000000 1.00000000 -76.19305773 0.76276150 0.00854436
                                   -76.35865466 -76.36377636 0.74573807 0.00821100
104.36180000 0.95896000 0.95896000 -76.19813722 0.74970651 0.00000000
                                   -76.36437138 -76.36937445 0.73454624 0.00000000
107.00000000 0.96500000 0.96500000 -76.19797274 0.73561626 0.00000000
                                   -76.36408018 -76.36909389 0.72003732 0.00000000
104.30500000 0.96200000 0.96200000 -76.19814929 0.75069398 0.00000000
                                   -76.36434426 -76.36935359 0.73543394 0.00000000
104.30500000 0.95300000 0.95300000 -76.19800521 0.74871137 0.00000000
                                   -76.36432121 -76.36931222 0.73376062 0.00000000
109.00000000 0.90000000 0.90000000 -76.18990067 0.70895718 0.00000000
                                   -76.35696933 -76.36185479 0.69544259 0.00000000
109.00000000 1.00000000 1.00000000 -76.19477810 0.73009722 0.00000000
                                   -76.36043473 -76.36552080 0.71316035 0.00000000
104.20000000 0.93000000 0.93000000 -76.19608881 0.74396235 0.00000000
                                   -76.36273881 -76.36768395 0.72980606 0.00000000
104.50000000 0.93000000 0.93000000 -76.19611302 0.74226895 0.00000000
                                   -76.36275744 -76.36770235 0.72808823 0.00000000
115.00000000 0.95000000 0.95000000 -76.19555241 0.68268267 0.00000000
                                   -76.36179926 -76.36678343 0.66711908 0.00000000
120.00000000 0.95000000 0.95000000 -76.19276622 0.64871233 0.00000000
                                   -76.35902917 -76.36401833 0.63295933     0.00000000
125.00000000 0.95000000 0.95000000 -76.18908924 0.61223728     0.00000000
                                   -76.35541093 -76.36040845 0.59641310     0.00000000
130.00000000 0.95000000 0.95000000 -76.18467784 0.57300437     0.00000000
                                   -76.35109954 -76.35610872 0.55725086     0.00000000
135.00000000 0.95000000 0.95000000 -76.17970487 0.53076173     0.00000000
                                   -76.34626515 -76.35128902 0.51524912     0.00000000
140.00000000 0.95000000 0.95000000 -76.17436037 0.48525936     0.00000000
                                   -76.34109328 -76.34613452 0.47020044     0.00000000
145.00000000 0.95000000 0.95000000 -76.16885114 0.43627904     0.00000000
                                   -76.33578413 -76.34084485 0.42193083     0.00000000
150.00000000 0.95000000 0.95000000 -76.16339858 0.38365121     0.00000000
                                   -76.33055013 -76.33563165 0.37032071     0.00000000
155.00000000 0.95000000 0.95000000 -76.15823420 0.32730467     0.00000000
                                   -76.32561108 -76.33071373 0.31534100     0.00000000
160.00000000 0.95000000 0.95000000 -76.15359185 0.26731214     0.00000000
                                   -76.32118650 -76.32630938 0.25709409     0.00000000
165.00000000 0.95000000 0.95000000 -76.14969643 0.20394725     0.00000000
                                   -76.31748507 -76.32262585 0.19585627     0.00000000
170.00000000 0.95000000 0.95000000 -76.14674920 0.13772582     0.00000000
                                   -76.31469151 -76.31984643 0.13210740     0.00000000
175.00000000 0.95000000 0.95000000 -76.14491096 0.06941560     0.00000000
                                   -76.31295218 -76.31811617 0.06653468     0.00000000
180.00000000 0.95000000 0.95000000 -76.14428613 0.00000000     0.00000000
                                   -76.31236150 -76.31752863 0.00000000     0.00000000
100.00000000 0.95000000 0.95000000 -76.19721988 0.77191452     0.00000000
                                   -76.36367795 -76.36866760 0.75743579     0.00000000
 95.00000000 0.95000000 0.95000000 -76.19515584 0.79814863     0.00000000
                                   -76.36177153 -76.36676978 0.78412661     0.00000000
 90.00000000 0.95000000 0.95000000 -76.19160900 0.82294864     0.00000000
                                   -76.35842631 -76.36343652 0.80938674     0.00000000
 85.00000000 0.95000000 0.95000000 -76.18648273 0.84647838     0.00000000
                                   -76.35354550 -76.35857094 0.83335249     0.00000000
 80.00000000 0.95000000 0.95000000 -76.17967884 0.86887423     0.00000000
                                   -76.34703001 -76.35207380 0.85613079     0.00000000
 75.00000000 0.95000000 0.95000000 -76.17108921 0.89022592     0.00000000
                                   -76.33876972 -76.34383469 0.87778219     0.00000000
 70.00000000 0.95000000 0.95000000 -76.16058045 0.91055607     0.00000000
                                   -76.32862782 -76.33371634 0.89829590     0.00000000
 65.00000000 0.95000000 0.95000000 -76.14796536 0.92977528     0.00000000
                                   -76.31641150 -76.32152527 0.91755098     0.00000000
 60.00000000 0.95000000 0.95000000 -76.13294892 0.94762971     0.00000000
                                   -76.30181648 -76.30695622 0.93526468     0.00000000
 55.00000000 0.95000000 0.95000000 -76.11502645 0.96362779     0.00000000
                                   -76.28432366 -76.28948870 0.95092893     0.00000000
 50.00000000 0.95000000 0.95000000 -76.09329326 0.97696577     0.00000000
                                   -76.26300873 -76.26819657 0.96374634     0.00000000
 45.00000000 0.95000000 0.95000000 -76.06609269 0.98648395     0.00000000
                                   -76.23619087 -76.24139670 0.97259518     0.00000000
 40.00000000 0.95000000 0.95000000 -76.03036643 0.99069881     0.00000000
                                   -76.20078477 -76.20600129 0.97606954     0.00000000
 35.00000000 0.95000000 0.95000000 -75.98042940 0.98798467     0.00000000
                                   -76.15108142 -76.15629902 0.97264269     0.00000000
 70.00000000 0.90000000 0.90000000 -76.14667402 0.89640692     0.00000000
                                   -76.31537790 -76.32036025 0.88569786     0.00000000
130.00000000 0.90000000 0.90000000 -76.17883043 0.56434167     0.00000000
                                   -76.34609594 -76.35101252 0.55020578     0.00000000
150.00000000 0.90000000 0.90000000 -76.15901398 0.37725110     0.00000000
                                   -76.32705383 -76.33204679 0.36529774     0.00000000
104.52000000 0.95722800 0.95722800 -76.19811685 0.74842071     0.00000000
                                   -76.36437113 -76.36937055 0.73330669     0.00000000
150.00000000 0.95722800 0.95722800 -76.16310949 0.38447201     0.00000000                                   
                                   -76.33014628 -76.33524124 0.37092436     0.00000000
180.0000  0.95723  0.95723   -76.14378855    0.00000000    0.00000024
                             -76.31175187  -76.31693269    0.00000000    0.00000003
170.00000000 0.95722800 0.95722800 -76.14628150   0.13809848 -0.00000024
                                   -76.31411066 -76.31927916 0.13237845     0.00000000
104.52000000 0.74084780 0.74084780 -76.03563308 0.68892905     0.00000000
                                   -76.20617199 -76.21077268 0.68042383     0.00000000
104.52000000 1.16418900 1.16418900 -76.14763248 0.77185845     0.00000000
                                   -76.31232634 -76.31779359 0.75111300     0.00000000
104.52000000 1.37586000 1.37586000 -76.05744076 0.73191985     0.00000000
                                   -76.22219141 -76.22813795 0.71778129     0.00000000
104.52000000 1.00000000 1.00000000 -76.19556415 0.75705791     0.00000000
                                   -76.36129834 -76.36638699 0.74048424     0.00000000
100.00000000 1.00000000 1.00000000 -76.19535477 0.78275319     0.00000000
                                   -76.36120197 -76.36629595 0.76659574     0.00000000
90.000000000 1.00000000 1.00000000 -76.19096769 0.83482400     0.00000000
                                   -76.35719223 -76.36230783 0.81966954     0.00000000
80.000000000 1.00000000 1.00000000 -76.18061130  0.88121163     0.00000000
                                   -76.34739599 -76.35254695 0.86698795     0.00000000
70.000000000 1.00000000 1.00000000 -76.16357797 0.92257346     0.00000000
                                   -76.33110700 -76.33630613 0.90896603     0.00000000
60.000000000 1.00000000 1.00000000 -76.13880547 0.95836197     0.00000000
                                   -76.30723633 -76.31249256 0.94479393     0.00000000
50.000000000 1.00000000 1.00000000 -76.10353071 0.98512087     0.00000000    
                                   -76.27292376 -76.27823578 0.97082463     0.00000000
40.000000000 1.00000000 1.00000000 -76.04820253 0.99405742     0.00000000
                                   -76.21840158 -76.22374731 0.97844775     0.00000000
110.00000000 1.00000000 1.00000000 -76.19447507 0.72386340     0.00000000
                                   -76.36011905 -76.36520491 0.70685378     0.00000000
120.00000000 1.00000000 1.00000000 -76.18914083 0.65675134     0.00000000
                                   -76.35475126 -76.35984231 0.63922620     0.00000000
130.00000000 1.00000000 1.00000000 -76.18034574 0.57976313     0.00000000
                                   -76.34608926 -76.35119860 0.56222774     0.00000000
140.00000000 1.00000000 1.00000000 -76.16933187 0.49101993     0.00000000
                                   -76.33536129 -76.34050080 0.47422199     0.00000000
150.00000000 1.00000000 1.00000000 -76.15764327 0.38861390     0.00000000
                                   -76.32407456 -76.32925298 0.37368408     0.00000000
160.00000000 1.00000000 1.00000000 -76.14711674 0.27130112     0.00000000
                                   -76.31399162 -76.31921147 0.25978386     0.00000000
170.00000000 1.00000000 1.00000000 -76.13970497 0.14007429     0.00000000
                                   -76.30694209 -76.31219531 0.13369848     0.00000000
180.00000000 1.00000000 1.00000000 -76.13701983 0.00000000     0.00000000
                                   -76.30439926 -76.30966557 0.00000000     0.00000000
170.00000000 1.10000000 1.10000000 -76.10641402 0.14217863     0.00000000
                                   -76.27280766 -76.27829721 0.13374621     0.00000000
175.00000000 1.10000000 1.10000000 -76.10397327  0.07182753 -0.00000011
                                   -76.27049739 -76.27599973 0.06745435 0.00000000
180.00000000 1.10000000 1.10000000 -76.10313606 0.00000000     0.00000000
                                   -76.26970671 -76.27521357 0.00000000     0.00000000
160.00000000 1.10000000 1.10000000 -76.11524685 0.27415817     0.00000000
                                   -76.28122459 -76.28667382 0.25930102     0.00000000
140.00000000 1.10000000 1.10000000 -76.14051029 0.49461345     0.00000000
                                   -76.30565372 -76.31101945 0.47384599     0.00000000
120.00000000 1.10000000 1.10000000 -76.16270081 0.66486971     0.00000000
                                   -76.32748815 -76.33280581 0.64382775     0.00000000
100.00000000 1.10000000 1.10000000 -76.17177325 0.79703791     0.00000000
                                   -76.33682795 -76.34214665 0.77802269     0.00000000
90.000000000 1.10000000 1.10000000 -76.16945111 0.85133106     0.00000000
                                   -76.33489906 -76.34023916 0.83369612     0.00000000
80.000000000 1.10000000 1.10000000 -76.16181795 0.89865886     0.00000000
                                   -76.32786027 -76.33323755 0.88238868     0.00000000
70.000000000 1.10000000 1.10000000 -76.14842058 0.93933405     0.00000000
                                   -76.31528471 -76.32071602 0.92417575     0.00000000
60.000000000 1.10000000 1.10000000 -76.12873634 0.97266696     0.00000000
                                   -76.29664537 -76.30214549 0.95806728     0.00000000
50.000000000 1.10000000 1.10000000 -76.10132773 0.99488612     0.00000000
                                   -76.27039749 -76.27596973 0.97994177     0.00000000
40.000000000 1.10000000 1.10000000 -76.05975556  0.99532033     0.00000000
                                   -76.22976660 -76.23538230 0.97908102     0.00000000
50.000000000 1.30000000 1.30000000 -76.05275591 0.99588525     0.00000000
                                   -76.22208038 -76.22819816 0.98610746     0.00000000
60.000000000 1.30000000 1.30000000 -76.06807678  0.97210267     0.00000000
                                   -76.23588221 -76.24187554 0.96386805     0.00000000
80.000000000 1.30000000 1.30000000 -76.08813793 0.89677877     0.00000000
                                   -76.25377241 -76.25960614 0.88454640     0.00000000
90.000000000 1.30000000 1.30000000 -76.09191624 0.84596402     0.00000000
                                   -76.25697262 -76.26277194 0.83097218     0.00000000
100.00000000 1.30000000 1.30000000 -76.09154243 0.78549410     0.00000000
                                   -76.25627406 -76.26206186 0.76778188     0.00000000
120.00000000 1.30000000 1.30000000 -76.07943022 0.63604708     0.00000000
                                   -76.24409943 -76.24991910 0.61324873     0.00000000
140.00000000 1.30000000 1.30000000 -76.05483483 0.45118306     0.00000000
                                   -76.22004771 -76.22595862 0.42460674     0.00000000
160.00000000 1.30000000 1.30000000 -76.02352036 0.23406921     0.00000000
                                   -76.18978984 -76.19584405 0.20988096     0.00000000
170.00000000 1.30000000 1.30000000 -76.00977761 0.11613762     0.00000000
                                   -76.17678211 -76.18294211 0.10002684     0.00000000
180.00000000 1.30000000 1.30000000 -76.00367246 0.00000000     0.00000000
                                   -76.17114890 -76.17739441 0.00000000     0.00000000
170.00000000 1.50000000 1.50000000 -75.92666863 -0.03574372     0.00000000
                                   -76.09459678 -76.10118935 -0.06284536     0.00000000
160.00000000 1.50000000 1.50000000 -75.94460598 0.08919327     0.00000000
                                   -76.11167273 -76.11814457 0.06709163     0.00000000
140.00000000 1.50000000 1.50000000 -75.97541625 0.32661065     0.00000000
                                   -76.14117103 -76.14746483 0.31312278     0.00000000
120.00000000 1.50000000 1.50000000 -75.99756149 0.53649144     0.00000000
                                   -76.16251207 -76.16869060 0.53089500     0.00000000
110.00000000 1.50000000 1.50000000 -76.00479811 0.62759414     0.00000000
                                   -76.16956061 -76.17570423 0.62574817     0.00000000
104.52000000 1.50000000 1.50000000 -76.00757985 0.67294109     0.00000000
                                   -76.17231252 -76.17844454 0.67310167     0.00000000
100.00000000 1.50000000 1.50000000 -76.00921559 0.70774249     0.00000000
                                   -76.17396750 -76.18009439 0.70955828     0.00000000
80.000000000 1.50000000 1.50000000 -76.00887607 0.83265928     0.00000000
                                   -76.17433533 -76.18050104 0.84207653     0.00000000
60.000000000 1.50000000 1.50000000 -75.99619696 0.92449462     0.00000000
                                   -76.16414299 -76.17052727 0.93841941     0.00000000
50.000000000 1.50000000 1.50000000 -75.98774698 0.97276051     0.00000000
                                   -76.15796414 -76.16458650 0.97814634     0.00000000
40.000000000 1.50000000 1.50000000 -75.98255600 0.99955015     0.00000000
                                   -76.15433811 -76.16129341 0.97677380     0.00000000
50.000000000 1.70000000 1.70000000 -75.92753629 0.88314383     0.00000000
                                   -76.09787868 -76.10478789 0.92681679     0.00000000
40.000000000 1.70000000 1.70000000 -75.92828113 0.98260985     0.00000000
                                   -76.10303362 -76.11077772 0.95363852     0.00000000
60.00000000 1.70000000 1.70000000  -75.92230287 0.75761357     0.00000000
                                   -76.10023746 -76.10755235 0.84327207     0.00000000
80.00000000 1.70000000 1.70000000  -75.93067794 0.64116010     0.00000000
                                   -76.10688310 -76.11409902 0.72802824     0.00000000
100.00000000 1.70000000 1.70000000 -75.94362863 0.57058650     0.00000000
                                   -76.10707685 -76.11326201 0.60490098     0.00000000
104.52000000 1.70000000 1.70000000 -75.94236354 0.53513467     0.00000000
                                   -76.10578679 -76.11197243 0.56712998     0.00000000
110.00000000 1.70000000 1.70000000 -75.94029434 0.48908899     0.00000000
                                   -76.10372219 -76.10991227 0.51819558     0.00000000
120.00000000 1.70000000 1.70000000 -75.93510853 0.39766236     0.00000000
                                   -76.09861587 -76.10482180 0.42116405     0.00000000
140.00000000 1.70000000 1.70000000 -75.92011132 0.19815767     0.00000000
                                   -76.08390081 -76.09015396 0.20867531     0.00000000
160.00000000 1.70000000 1.70000000 -75.90178311 0.01935245     0.00000000
                                   -76.06581341 -76.07212484 0.01505423     0.00000000
170.00000000 1.70000000 1.70000000 -75.89397220 -0.02135838     0.00000000
                                   -76.05809940 -76.06445090 -0.02935846     0.00000000
180.00000000 1.70000000 1.70000000 -75.88906039 0.00000000     0.00000000
                                   -76.05467927 -76.06118973 0.00000000     0.00000000
104.52000000 0.90000000 1.00000000 -76.19256167 0.73239969 -0.03076592
                                   -76.35899829 -76.36398509 0.73239969 -0.03076592
100.00000000 0.90000000 1.00000000 -76.19190860 0.77230080 -0.02765474
                                   -76.35845013 -76.36344189 0.75782363 -0.02658850
90.000000000 0.90000000 1.00000000 -76.18635510 0.82315796     -0.01877234
                                   -76.35325563 -76.35826815 0.80961277     -0.01792593
80.000000000 0.90000000 1.00000000 -76.17450490 0.86890318     -0.01069974
                                   -76.34193824 -76.34698455 0.85618722     -0.01008413
70.000000000 0.90000000 1.00000000 -76.15551963 0.91046333     -0.00362709
                                   -76.32364685 -76.32873808 0.89823294     -0.00324438
60.000000000 0.90000000 1.00000000 -76.12807574 0.94764593     0.00199069
                                   -76.29701903 -76.30216165 0.93530165     0.00215372
50.000000000 0.90000000 1.00000000 -76.08886911 0.97771081     0.00542031
                                   -76.25865439 -76.26384515 0.96448578     0.00540226
40.000000000 0.90000000 1.00000000 -76.02749139  0.99342664  0.00597653
                                   -76.19797234  -76.20319171 0.97873906 0.00585370
110.00000000 0.90000000 1.00000000 -76.19195533 0.71493471     -0.03732919
                                   -76.35831225 -76.36329675 0.69964463     -0.03605875
120.00000000 0.90000000 1.00000000 -76.18738718 0.64939653     -0.04786111
                                   -76.35373203 -76.35872283 0.63361030     -0.04640144
140.00000000 0.90000000 1.00000000 -76.16894035 0.48613179     -0.07152377
                                   -76.33574978 -76.34079172 0.47101663     -0.06967414
160.00000000 0.90000000 1.00000000 -76.14812385 0.26804651     -0.09549319
                                   -76.31578622 -76.32090828 0.25778018     -0.09305537
170.00000000 0.90000000 1.00000000 -76.14125955 0.13815797     -0.10393324
                                   -76.30926613 -76.31441959 0.13251019     -0.10118510
180.00000000 0.90000000 1.00000000 -76.13878771 0.00000000     -0.10708665
                                   -76.30692605 -76.31209147 0.00000000     -0.10420467
170.00000000 0.90000000 1.10000000 -76.12357616 0.14174218 -0.21454343
                                   -76.29106411 -76.29631307 0.13522214 -0.20795027
160.00000000 0.90000000 1.10000000 -76.13108413 0.27402261 -0.19420948                                   
                                   -76.29822813 -76.30344691 0.26226558 -0.18844624
140.00000000 0.90000000 1.10000000 -76.15348369 0.49390151 -0.14046322
                                   -76.31982285 -76.32496784 0.47685947 -0.13625702
120.00000000 0.90000000 1.10000000 -76.17341522 0.65868844 -0.09127540
                                   -76.33935319 -76.34445267 0.64109110 -0.08823834
110.00000000 0.90000000 1.10000000 -76.17883312 0.72520280 -0.07007989
                                   -76.34480577 -76.34990057 0.70823549 -0.06761934
104.52000000 0.90000000 1.10000000 -76.17998584 0.75804008 -0.05929688
                                   -76.34604805 -76.35114584 0.74157246 -0.05715860
100.00000000 0.90000000 1.10000000 -76.17984144 0.78342210 -0.05079720
                                   -76.34601562 -76.35111886 0.76742221 -0.04892800
170.00000000 0.90000000 0.90000000 -76.14353763 0.13493503     0.00000000
                                   -76.31236168 -76.31742782 0.12993612     0.00000000
180.00000000 0.90000000 0.90000000 -76.14126441 0.00000000     0.00000000
                                   -76.31021569 -76.31529357 0.00000000     0.00000000
160.00000000 0.90000000 0.90000000 -76.14987816 0.26236644     0.00000000
                                   -76.31836340 -76.32339812 0.25323808     0.00000000
140.00000000 0.90000000 0.90000000 -76.16925181 0.47773978     0.00000000
                                   -76.33685547 -76.34180647 0.46421577     0.00000000
120.00000000 0.90000000 0.90000000 -76.18613596 0.63874253     0.00000000
                                   -76.35321335 -76.35810754 0.62465374     0.00000000
110.00000000 0.90000000 0.90000000 -76.18978347 0.70300777     0.00000000
                                   -76.35684410 -76.36172965 0.68942390     0.00000000
104.52000000 0.90000000 0.90000000 -76.18980545 0.73467153     0.00000000
                                   -76.35693186 -76.36181862 0.72149859     0.00000000
100.00000000 0.90000000 0.90000000 -76.18861489 0.75918948     0.00000000
                                   -76.35583572 -76.36072662 0.74639923     0.00000000
90.00000000  0.90000000 0.90000000 -76.18165150 0.80916844     0.00000000
                                   -76.34920887 -76.35411875 0.79726495     0.00000000
80.00000000  0.90000000 0.90000000 -76.16800420 0.85455103     0.00000000
                                   -76.33606440 -76.34100569 0.84341720     0.00000000
60.00000000  0.90000000 0.90000000 -76.11597080 0.93458228     0.00000000
                                   -76.28540839 -76.29043611 0.92371297     0.00000000
50.00000000  0.90000000 0.90000000 -76.07162489  0.96632724     0.00000000
                                   -76.24178921 -76.24685752 0.95457252     0.00000000
40.00000000  0.90000000 0.90000000 -76.00057944 0.98469227     0.00000000
                                   -76.17132444 -76.17641590 0.97150438     0.00000000
60.00000000  0.70000000 0.70000000 -75.82541836 0.86190610     0.00000000
                                   -75.99851616 -76.00313220 0.85776509     0.00000000
80.00000000  0.70000000 0.70000000 -75.90259262 0.78425076     0.00000000
                                   -76.07486314 -76.07942645 0.77921509     0.00000000
100.00000000 0.70000000 0.70000000 -75.93802099 0.69848478     0.00000000
                                   -76.10968056 -76.11421001 0.69143200     0.00000000
104.52000000 0.70000000 0.70000000 -75.94176646 0.67666668     0.00000000
                                   -76.11337149 -76.11790006 0.66913049     0.00000000
110.00000000 0.70000000 0.70000000 -75.94454329 0.64838869     0.00000000
                                   -76.11613256 -76.12066412 0.64029668     0.00000000
120.00000000 0.70000000 0.70000000 -75.94530168 0.59037250     0.00000000
                                   -76.11700790 -76.12155659 0.58144600     0.00000000
140.00000000 0.70000000 0.70000000 -75.93534751 0.44150816     0.00000000
                                   -76.10777673 -76.11239910 0.43231825     0.00000000
160.00000000 0.70000000 0.70000000 -75.92107841 0.24067599     0.00000000
                                   -76.09447804 -76.09919209 0.23439419     0.00000000
180.00000000 0.70000000 0.70000000 -75.91459211 0.00000000     0.00000000
                                   -76.08845183 -76.09320874 0.00000000     0.00000000
160.00000000 0.60000000 0.60000000 -75.52227979 0.23208689     0.00000000
                                   -75.69852406 -75.70305175 0.22670956     0.00000000
180.00000000 0.60000000 0.60000000 -75.51658910 0.00000000     0.00000000
                                   -75.69328457 -75.69783609 0.00000000     0.00000000
140.00000000 0.60000000 0.60000000 -75.53431447 0.42555180     0.00000000
                                   -75.70957331 -75.71401189 0.41778196     0.00000000
120.00000000 0.60000000 0.60000000 -75.54061867 0.56720967     0.00000000
                                   -75.71511051 -75.71947344 0.56008218     0.00000000
110.00000000 0.60000000 0.60000000 -75.53736228 0.62137918     0.00000000
                                   -75.71172466 -75.71606908 0.61523364     0.00000000
104.52000000 0.60000000 0.60000000 -75.53297756 0.64748717     0.00000000
                                   -75.70734940 -75.71168999 0.64196747     0.00000000
100.00000000 0.60000000 0.60000000 -75.52776033 0.66749381     0.00000000
                                   -75.70217998 -75.70652064 0.66251196     0.00000000
80.00000000  0.60000000 0.60000000 -75.48377143 0.74520913     0.00000000
                                   -75.65873425 -75.66310314 0.74249006     0.00000000
170.00000000 0.95000000 1.00000000 -76.14313828 0.13907792 -0.05290771
                                   -76.31072121 -76.31592359 0.13309203 -0.05139066
180.00000000 0.95000000 1.00000000 -76.14056650 0.00000000 -0.05463931
                                   -76.30828624 -76.31350115 0.00000000    -0.05304213
160.00000000 0.95000000 1.00000000 -76.15026168 0.26963465 -0.04832441
                                   -76.31749145 -76.32266142 0.25878282 -0.04698919
140.00000000 0.95000000 1.00000000 -76.17175857 0.48860125 -0.03565078
                                   -76.33813769 -76.34322722 0.47268539 -0.03465406
120.00000000 0.95000000 1.00000000 -76.19089076 0.65315634 -0.02351123
                                   -76.35682769 -76.36186736 0.63652245 -0.02274664
110.00000000 0.95000000 1.00000000 -76.19584687 0.71950766 -0.01818653
                                   -76.36180708 -76.36684103 0.70336601 -0.01753536
104.52       0.95000000 1.00000000 -76.19669683 0.75229007 -0.01546741
                                   -76.36274232 -76.36777884 0.73656888 -0.01488131
100.00000000 0.95000000 1.00000000 -76.19626696 0.77766780 -0.01332203
                                   -76.36242169 -76.36746336 0.76234702 -0.01279128
90.00000000  0.95000000 1.00000000 -76.19129733 0.82917334 -0.00887144
                                   -76.35782089 -76.36288378 0.81480909 -0.00846793
80.00000000  0.95000000 1.00000000 -76.18019048 0.87528784 -0.00483859
                                   -76.34726136 -76.35235882 0.86179343 -0.00456682
60.00000000  0.95000000 1.00000000 -76.13603718 0.95325395 0.00142434
                                   -76.30468878 -76.30988696 0.94025566 0.00143995
50.00000000  0.95000000 1.00000000 -76.09870780  0.98148652  0.00300747
                                   -76.26826382 -76.27351389  0.96768006 0.00292152
40.00000000  0.95000000 1.00000000 -76.03998906 0.99332306 0.00306581
                                   -76.21030044 -76.21558176 0.97813893 0.00292837
35.00000000  0.95000000 1.00000000 -75.99361004  0.98916460  0.00254580
                                   -76.16416832 -76.16945036  0.97328521  0.00241277
100.00000000 0.95000000 1.10000000 -76.18428700  0.78745139 -0.03614917
                                   -76.35006629 -76.35522005  0.77062256  -0.03480039
100.00000000 0.95000000 1.20000000 -76.16504901 0.79329223 -0.05191204
                                   -76.33072447 -76.33599902 0.77561348 -0.05059530
180.00000000 0.95000000 1.30000000 -76.07023077 0.00000000    -0.41485284
                                   -76.23732851 -76.24289079 0.00000000    -0.39585149
170.00000000 0.95000000 1.30000000 -76.07393366 0.14600682 -0.38767713
                                   -76.24089400 -76.24644577 0.13606062 -0.37031870
180.00000000 0.95000000 1.70000000 -75.97312690 0.00000000     0.90074781
                                   -76.14170681 -76.14764923 0.00000000     0.88879424
180.00000000 0.95000000 2.00000000 -75.98185658 0.00000000     0.74073888
                                   -76.15388534 -76.15959711 0.00000000     0.76979577
175.00000000 0.95000000 1.70000000 -75.97906379 -0.00841660 0.55527949
                                   -76.14703955 -76.15297987 -0.03238511 0.49086382
175.00000000 0.95000000 3.00000000 -76.00231855 0.02628608 0.68596458
                                   -76.16457373 -76.16988231 0.02567133 0.67154239
180.00000000 0.95000000 3.00000000 -76.00136452 0.00000000     0.68668585
                                   -76.16450236 -76.16988155 0.00000000    0.67265196
80.000000000 0.90000000 1.10000000 -76.16556082 0.88031723 -0.01711684
                                   -76.33266100 -76.33782193 0.86644964 -0.01645871
60.000000000 0.90000000 1.10000000 -76.12469926 0.95697981 0.00812831
                                   -76.29341149 -76.29867837 0.94384255 0.00766817
50.000000000 0.90000000 1.10000000 -76.09069073 0.98624759 0.01477004
                                   -76.26033780 -76.26566037 0.97231797 0.01392983
40.000000000 0.90000000 1.10000000 -76.03971275 1.00274967 0.01529082
                                   -76.21014243 -76.21549885 0.98728624 0.01435874
50.00000000  0.90000000 1.30000000 -76.07387109 0.98278760 0.05024073
                                   -76.24366443 -76.24925188 0.97346641 0.04315393
40.00000000  0.90000000 1.30000000 -76.03965328 1.00742113 0.05101454
                                   -76.21036633 -76.21600417 0.99600889 0.04458311
100.00000000 0.90000000 1.30000000 -76.13838207 0.79138847 -0.07353319
                                   -76.30457139 -76.30991715 0.77502915 -0.07355696
104.52000000 0.90000000 1.30000000 -76.13766321 0.76564894 -0.08902216
                                   -76.30375170 -76.30909379 0.74836221 -0.08819401
110.00000000 0.90000000 1.30000000 -76.13561065 0.73217177 -0.10868408
                                   -76.30162175 -76.30696323 0.71382662 -0.10678704
120.00000000 0.90000000 1.30000000 -76.12884783 0.66432905 -0.14772254
                                   -76.29483742 -76.30018790 0.64431749 -0.14375175
140.00000000 0.90000000 1.30000000 -76.10645213 0.49906259 -0.24485837
                                   -76.27279500 -76.27819416 0.47768776 -0.23604128
160.00000000 0.90000000 1.30000000 -76.08044010 0.28207676 -0.37706780
                                   -76.24743736 -76.25289709 0.26580581 -0.36203258
170.00000000 0.90000000 1.30000000 -76.07105130 0.14798826 -0.44108779
                                   -76.23833396 -76.24381369 0.13859867 -0.42293286
180.00000000 0.90000000 1.30000000 -76.06750635 0.00000000    -0.46899655
                                   -76.23490580 -76.24039267 0.00000000    -0.44937821
140.00000000 0.80000000 1.30000000 -76.07380941 0.50604611 -0.32113616
                                   -76.24117962 -76.24646717 0.48620598 -0.31089149
120.00000000 0.80000000 1.30000000 -76.09539221 0.66704494 -0.20209167
                                   -76.26242214 -76.26766765 0.64854166 -0.19696019
110.00000000 0.80000000 1.30000000 -76.10176280 0.73205260 -0.15303805
                                   -76.26881245 -76.27405078 0.71526007 -0.15015828
100.00000000 0.80000000 1.30000000 -76.10408457 0.78841582 -0.10851123
                                   -76.27130563 -76.27654935 0.77367910 -0.10774258
180.00000000 0.80000000 1.30000000 -76.036824020.00000000    -0.57044333
                                   -76.20508838 -76.21043384 0.00000000    -0.55057712
170.00000000 0.80000000 1.30000000 -76.04011533 0.15158117 -0.54165272
                                   -76.20829346 -76.21363703 0.14315036 -0.52283208
160.00000000 0.80000000 1.30000000 -76.04892841 0.28843601 -0.47308521
                                   -76.21688069 -76.22221397 0.27361918 -0.45685593
80.00000000  0.80000000 1.30000000 -76.09418085 0.87856334 -0.02901733
                                   -76.26224420 -76.26754135 0.86821430 -0.03216707
60.00000000  0.80000000 1.30000000 -76.06138675 0.94569986 0.03652500
                                   -76.23098575 -76.23639414 0.93834147 0.03012069
90.00000000  0.80000000 1.30000000 -76.10173577 0.83698237 -0.06733334
                                   -76.26929101 -76.27455399 0.82446483 -0.06857138
40.00000000  0.80000000 1.30000000 -75.99975110 1.00967065 0.07058754
                                   -76.17115830 -76.17668917 0.99974051 0.06382492
40.00000000  0.80000000 0.90000000 -75.94832759 0.97907293 0.00435410
                                   -76.11958981 -76.12456310 0.96751955 0.00467536
50.00000000  0.80000000 0.90000000 -76.02547427  0.95462431 0.00273532
                                   -76.19629725 -76.20125325 0.94447422 0.00315938
60.00000000  0.80000000 0.90000000 -76.07405132 0.92003931 -0.00121903
                                   -76.24427438 -76.24919669 0.91074767 -0.00068529
80.00000000  0.80000000 0.90000000 -76.13129673 0.83910226 -0.01395370
                                   -76.30028730 -76.30513182 0.82955849 -0.01318277
100.00000000 0.80000000 0.90000000 -76.15505550 0.74581010 -0.03037414
                                   -76.32326493 -76.32806266 0.73460312 -0.02939806
104.52000000 0.80000000 0.90000000 -76.15678728 0.72195226 -0.03444895
                                   -76.32491304 -76.32970735 0.71034923 -0.03343590
30.000000000 0.80000000 2.00000000 -75.95604079  0.68027791  0.22187608
                                   -76.12377497  -76.12933847  0.69938861  0.20148549
20.000000000 0.80000000 2.00000000 -75.94472793  0.65042882 0.19165585
                                   -76.11301819 -76.11863152 0.65747651 0.17658159
10.000000000 0.80000000 2.00000000 -75.93527687  0.61343400 0.12246675
                                   -76.10413279 -76.10979941  0.60509060  0.11318322
 0.000000000 0.80000000 2.00000000 -75.93136594  0.59306105 0.00000000
                                   -76.10049187 -76.10618120 0.57563474     0.00000000
30.000000000 0.70000000 2.00000000 -75.86418471 0.64554516 0.21392322
                                   -76.03224352 -76.03761096 0.66549922 0.19751124
20.000000000 0.70000000 2.00000000 -75.85445851  0.60721296  0.18060028
                                   -76.02275263 -76.02813572 0.61535426 0.16995768
10.000000000 0.70000000 2.00000000 -75.84681472 0.56848831 0.10925681
                                   -76.01532669 -76.02072518 0.56333968 0.10389846
 0.000000000 0.70000000 2.00000000 -75.84382217 0.55062550 0.00000000
                                   -76.01241733 -76.01781877 0.53870743     0.00000000
110.00000000 0.80000000 0.90000000 -76.15735876 0.69112678 -0.03955530
                                   -76.32543256 -76.33022661 0.67908779 -0.03850172
120.00000000 0.80000000 0.90000000 -76.15465322 0.62840250 -0.04932027
                                   -76.32277122 -76.32757590 0.61579315 -0.04820024
140.00000000 0.80000000 0.90000000 -76.13932691 0.47016758 -0.07003473
                                   -76.30802224 -76.31288765 0.45793612 -0.06874426
160.00000000 0.80000000 0.90000000 -76.12124228 0.25770636 -0.08885268
                                   -76.29083477 -76.29578506 0.24945466 -0.08722553
180.00000000 0.80000000 0.90000000 -76.11321509 0.00000000    -0.09709667
                                   -76.28326411 -76.28825657 0.00000000    -0.09522898
160.00000000 0.80000000 0.80000000 -76.09341785 0.25127757     0.00000000
                                   -76.26413667 -76.26901067 0.24381935     0.00000000
180.00000000 0.80000000 0.80000000 -76.08597264 0.00000000     0.00000000
                                   -76.25714933 -76.26206606 0.00000000     0.00000000
170.00000000 0.80000000 0.80000000 -76.08793354 0.12889813     0.00000000
                                   -76.25898710 -76.26389238 0.12482460     0.00000000
140.00000000 0.80000000 0.80000000 -76.11014472 0.45983172     0.00000000
                                   -76.27993632 -76.28472187 0.44879607     0.00000000
120.00000000 0.80000000 0.80000000 -76.12369420 0.61522279     0.00000000
                                   -76.29284855 -76.29756749 0.60401908     0.00000000
100.00000000 0.80000000 0.80000000 -76.12162339 0.72991509 0.00000000
                                   -76.29081208 -76.29551883 0.72025728     0.00000000
80.00000000  0.80000000 0.80000000 -76.09407718 0.82132829     0.00000000
                                   -76.26398473 -76.26873320 0.81342538     0.00000000
60.00000000  0.80000000 0.80000000 -76.03027860 0.90201887     0.00000000
                                   -76.20127760 -76.20609417 0.89455079     0.00000000
40.00000000  1.00000000 1.10000000 -76.05599415 0.99741641 0.00743231
                                   -76.22611211 -76.23159299 0.98141726 0.00662134
50.00000000  1.00000000 1.10000000 -76.10332535 0.99100269 0.00843831
                                   -76.27256307 -76.27800561 0.97628597 0.00762520
60.00000000  1.00000000 1.10000000 -76.13428125 0.96606647 0.00592913
                                   -76.30246109 -76.30784019 0.95189329 0.00534027
80.00000000  1.00000000 1.10000000 -76.17134868 0.89075857 -0.00604316
                                   -76.33777640 -76.34304134 0.87545597 -0.00595579
100.00000000 1.00000000 1.10000000 -76.18346575 0.79120489 -0.02264077
                                   -76.34892804 -76.35413442 0.77356635 -0.0218124
120.00000000 1.00000000 1.10000000 -76.17566969 0.66258850 -0.04286966
                                   -76.34087126 -76.34607436 0.64326572 -0.04128828
160.00000000 1.00000000 1.10000000 -76.13081059 0.27441681 -0.09804780
                                   -76.29721121 -76.30253940 0.26129081 -0.09465185
180.00000000 1.00000000 1.10000000 -76.11975313 0.00000000    -0.11485296
                                   -76.28668583 -76.29206314 0.00000000    -0.11059685
170.00000000 1.00000000 1.10000000 -76.12271631 0.14208434 -0.11007693
                                   -76.28949516 -76.29485824 0.13473860 -0.10609448
180.00000000 0.80000000 1.10000000 -76.09137086 0.00000000    -0.32061430
                                   -76.25999367 -76.26514034 0.00000000    -0.31222975
160.00000000 0.80000000 1.10000000 -76.10095705 0.27387205 -0.28466055
                                   -76.26914732 -76.27426225 0.26321516 -0.27748480
140.00000000 0.80000000 1.10000000 -76.12215984 0.49293604 -0.21223311
                                   -76.28956559 -76.29461198 0.47737790 -0.20681125
120.00000000 0.80000000 1.10000000 -76.14092614 0.65470482 -0.14222598
                                   -76.30790657 -76.31290858 0.63869060 -0.13812088
100.00000000 0.80000000 1.10000000 -76.14596907 0.77533060 -0.08270075
                                   -76.31315486 -76.31816085 0.76094925 -0.07993163
80.00000000  0.80000000 1.10000000 -76.12962735 0.86914297 -0.03221463
                                   -76.29769235 -76.30275524 0.85680944 -0.03088471
60.00000000  0.80000000 1.10000000 -76.08546951 0.94715035 0.00738387
                                   -76.25500276 -76.26016537 0.93523748 0.00741128
40.00000000  0.80000000 1.10000000 -75.99754989 1.01062896 0.02463916
                                   -76.16855463 -76.17379864 0.99565555 0.02418457
60.00000000  1.20000000 2.20000000 -75.98610727 0.69917705 0.28596043
                                   -76.15006887 -76.15598008 0.71877160 0.25588633
80.00000000  1.20000000 2.20000000 -75.99115989 0.63045707 0.32344736
                                   -76.15430982 -76.16013949 0.64691862 0.29188394
120.00000000 1.20000000 2.20000000 -75.98581912 0.37196932 0.45232919
                                   -76.14870969 -76.15450761 0.37498602 0.42055778
40.00000000  1.20000000 1.20000000 -76.05171449 0.99372126     0.00000000
                                   -76.22178857 -76.22769126 0.97780594     0.00000000
100.00000000 1.20000000 1.20000000 -76.13416394 0.79884583  0.00000000
                                   -76.29890233 -76.30445879 0.77876594     0.00000000
140.00000000 1.20000000 1.20000000 -76.09926265 0.48304026     0.00000000
                                   -76.26418426 -76.26981521 0.45833849     0.00000000
160.00000000 1.20000000 1.20000000 -76.07082933 0.26489123 0.00000000
                                   -76.23663514 -76.24236862 0.24562040     0.00000000
180.00000000 1.20000000 1.20000000 -76.05575450 0.00000000     0.00000000
                                   -76.22233987 -76.22816504 0.00000000     0.00000000
60.00000000  1.20000000 1.20000000 -76.10212495 0.97734146     0.00000000
                                   -76.26987245 -76.27562288 0.96428112     0.00000000
80.00000000  1.20000000 1.20000000 -76.12796431 0.90455305     0.00000000
                                   -76.29367773 -76.29928832 0.88850752     0.00000000
120.00000000 1.20000000 1.20000000 -76.12312567 0.65905199     0.00000000
                                   -76.28765854 -76.29322684 0.63559199     0.00000000
170.00000000 1.20000000 1.20000000 -76.05999403 0.13728653     0.00000000
                                   -76.22632332 -76.23211708 0.12578580     0.00000000
60.00000000  0.90000000 1.50000000 -76.06848103 0.91234292 0.09141725
                                   -76.23724053 -76.24293636 0.91902978 0.07043268
40.00000000  0.90000000 1.50000000 -76.02573284 0.96059279 0.11678567
                                   -76.19659044 -76.20244343 0.96732438 0.09674677
80.00000000  0.90000000 1.50000000 -76.09072173 0.85679335 0.02884237
                                    -76.25800527 -76.26359201 0.85633070 0.01157758
100.00000000 0.90000000 1.50000000 -76.09492424 0.76422103 -0.04391672
                                   -76.26155393 -76.26710609 0.75624583 -0.05690238
120.00000000 0.90000000 1.50000000 -76.08360912 0.63246343 -0.12283387
                                   -76.25028281 -76.25586652 0.61758267 -0.13108032
140.00000000 0.90000000 1.50000000 -76.06006610 0.46531067 -0.22542087
                                   -76.22734273 -76.23301325 0.44441572 -0.22644578
160.00000000 0.90000000 1.50000000 -76.03003101 0.26462797 -0.42702412
                                   -76.19810245 -76.20387935 0.24220962 -0.40981194
180.00000000 0.90000000 1.50000000 -76.01137364 0.00000000    -0.71951771
                                   -76.17941859 -76.18518289 0.00000000    -0.68018617
40.00000000  0.80000000 1.00000000 -75.98183897 0.99633931 0.01200892
                                   -76.15285121 -76.15795430 0.98264505 0.01230382
60.00000000  0.80000000 1.00000000 -76.08767390 0.93590649 0.00095841
                                   -76.25741844 -76.26245636 0.92491092 0.00165630
80.00000000  0.80000000 1.00000000 -76.13823515 0.85565768 -0.02503414
                                   -76.30661596 -76.31156501 0.84448696 -0.02367781
100.00000000 0.80000000 1.00000000 -76.15820797 0.76153368 -0.05854857
                                   -76.32574945 -76.33064604 0.74866227 -0.05653504
120.00000000 0.80000000 1.00000000 -76.15539711 0.64213794 -0.09772836
                                   -76.32278479 -76.32768220 0.62789105 -0.09517368
140.00000000 0.80000000 1.00000000 -76.13830395 0.48168269 -0.14211201
                                   -76.30619533 -76.31114546 0.46795593 -0.13900632
160.00000000 0.80000000 1.00000000 -76.11872327 0.26545670 -0.18482848
                                   -76.28746643 -76.29249489 0.25616637 -0.18083690
170.00000000 0.80000000 1.00000000 -76.11229959 0.13671003 -0.19924695
                                   -76.28137121 -76.28642903 0.13161674 -0.19480359
180.00000000 0.80000000 1.00000000 -76.10999387 0.00000000    -0.20454552
                                   -76.27918897 -76.28425775 0.00000000    -0.19991229
 60.0000  0.70000  0.90000   -75.97486141    0.90614213   -0.00501993
                             -76.14613282  -76.15095410    0.89819422   -0.00384211
 80.0000  0.70000  0.90000   -76.03633903    0.82432686   -0.03050824
                             -76.20651594  -76.21126556    0.81615427   -0.02906744
100.0000  0.70000  0.90000   -76.06299591    0.73367830   -0.06219874
                             -76.23244545  -76.23715041    0.72382977   -0.06053476
120.0000  0.70000  0.90000   -76.06457041    0.61972909   -0.09792408
                             -76.23396904  -76.23868276    0.60836562   -0.09612598
140.0000  0.70000  0.90000   -76.05069176    0.46448196   -0.13577169
                             -76.22070216  -76.22547795    0.45330479   -0.13376016
160.0000  0.70000  0.90000   -76.03370345    0.25457283   -0.16883335
                             -76.20461737  -76.20947714    0.24701028   -0.16632030
180.0000  0.70000  0.90000   -76.02613921    0.00000000   -0.18288169
                             -76.19750318  -76.20240378    0.00000000   -0.18001503
 40.0000  1.00000  1.30000   -76.05177904    1.00266835    0.03406570
                             -76.22210363  -76.22786383    0.98989710    0.02838703
 50.0000  1.00000  1.30000   -76.08383995 0.98866920 0.03988669
                             -76.25318968 -76.25889790 0.97803969 0.03327574
 60.0000  1.00000  1.30000   -76.10689973    0.96381535    0.03404153
                             -76.27508522  -76.28071551    0.95328785    0.02784498
 80.0000  1.00000  1.30000   -76.13511246    0.89382652    0.00134556
                             -76.30147309  -76.30697710    0.88022340   -0.00249193
100.0000  1.00000  1.30000   -76.14243296    0.79422071   -0.04326621
                             -76.30787196  -76.31332221    0.77636965   -0.04420544
120.0000  1.00000  1.30000   -76.13208240    0.66135310   -0.09699922
                             -76.29732379  -76.30278263    0.63985162   -0.09456908
140.0000  1.00000  1.10000   -76.15457081 0.49492243 -0.06830106
                             -76.32014794 -76.32539734 0.47613142 -0.06593784
140.0000  1.00000  1.30000   -76.10890761    0.49146673   -0.16934388
                             -76.27452256  -76.28003752    0.46847218   -0.16265433
160.0000  1.00000  1.30000   -76.08163306    0.27483377   -0.27586367
                             -76.24799139  -76.25358451    0.25694712   -0.26325360
170.0000  1.00000  1.30000   -76.07151341    0.14379228   -0.33260540
                             -76.23823917  -76.24386645    0.13325971   -0.31645997
180.0000  1.00000  1.30000   -76.06762676    0.00000000   -0.35876194
                             -76.23451482  -76.24015695    0.00000000   -0.34077790
180.0000  1.00000  1.20000   -76.09513617 0.00000000    -0.23527936
                             -76.26191509 -76.26741643 0.00000000    -0.22513978
140.0000  1.00000  1.20000   -76.13289067 0.49595117 -0.12755788
                                   -76.29833768 -76.30371261 0.47497764 -0.12263790
120.0000  1.00000  1.20000   -76.15513620 0.66494453 -0.07688108
                                   -76.32023183 -76.32555921 0.64408257 -0.07413224
160.0000  1.00000  1.20000   -76.10744225    0.27622218   -0.19312424
                             -76.27367394  -76.27912553    0.26100738   -0.18539399
100.0000  1.00000  1.20000   -76.16433094    0.79575975   -0.03800392
                             -76.32967887  -76.33500618    0.77731995   -0.03718651
 80.0000  1.00000  1.20000   -76.15471091    0.89564207   -0.00611766
                             -76.32102255  -76.32640771    0.88028976   -0.00706300
 60.0000  1.00000  1.20000   -76.12222644    0.96864262    0.01689485
                             -76.29035254  -76.29585927    0.95519512    0.01444277
 50.0000  1.00000  1.20000   -76.09544479 0.99311247 0.02126524
                             -76.26469486 -76.27027235 0.97934325 0.01842469
 40.0000  1.00000  1.20000   -76.05626133    1.00144284    0.01813284
                             -76.22644060  -76.23206177    0.98614779    0.01556630
 30.0000  1.00000  1.20000   -75.98478583 0.97873165 0.00898622
                             -76.15527565 -76.16087102 0.96138993 0.00749412
180.0000  1.00000  1.50000   -76.01255469 0.00000000    -0.60223873
                             -76.18032229 -76.18629084 0.00000000    -0.56246466
170.0000  1.00000  1.50000   -76.01891405    0.12946657   -0.47519218
                             -76.18669188  -76.19265458    0.11193754   -0.44685319
160.0000  1.00000  1.50000   -76.03294375    0.24497243   -0.30743630
                             -76.20042491  -76.20633887    0.22130267   -0.29636365
140.0000  1.00000  1.50000   -76.06386461    0.44975438   -0.14662322
                             -76.23038793  -76.23617294    0.42791339   -0.15059455
120.0000  1.00000  1.50000   -76.08773822    0.62467095   -0.07073044
                             -76.25362879  -76.25932076    0.60858511   -0.08037195
100.0000  1.00000  1.50000   -76.09942190    0.76404065   -0.01160493
                             -76.26527150  -76.27092971    0.75448255   -0.02509095
 80.0000  1.00000  1.50000   -76.09592623    0.86316718    0.04408007
                             -76.26248507  -76.26818080    0.86067467    0.02697427
 60.0000  1.00000  1.50000   -76.07514999    0.92465287    0.08901788
                             -76.24337597  -76.24919541    0.92860641    0.06874288
 40.0000  1.00000  1.50000   -76.03573565    0.97702950    0.08840954
                             -76.20627716  -76.21226790    0.97815381    0.07073965
 60.0000  0.90000  1.30000   -76.09900896    0.95496861    0.03696811
                             -76.26775958  -76.27327674    0.94579559    0.03051940
 80.0000  0.90000  1.30000   -76.12972555    0.88630864   -0.01142552
                             -76.29680100  -76.30220063    0.87419366   -0.01497173
 40.0000  1.10000  1.30000   -76.05059656    0.99760700    0.02036098
                             -76.22077643  -76.22667570    0.98349323    0.01600512
 50.0000  1.10000  1.30000   -76.07921364 0.99326051 0.02849595
                             -76.24838434 -76.25422381 0.98190536 0.02300763
 60.0000  1.10000  1.30000   -76.09975161    0.97070773    0.02743569
                             -76.26763359  -76.27338313    0.95958914    0.02210362
 80.0000  1.10000  1.30000   -76.12522524    0.89931104    0.00833231
                             -76.29114057  -76.29675336    0.88485585    0.00463014
100.0000  1.10000  1.30000   -76.13118531    0.79534214   -0.01947974
                             -76.29616006  -76.30172035    0.77644087   -0.02113819
120.0000  1.10000  1.30000   -76.12009924    0.65676497   -0.05293306
                             -76.28489623  -76.29047074    0.63400364   -0.05214554
140.0000  1.10000  1.30000   -76.09624936    0.48206170   -0.09909268
                             -76.26145212  -76.26709175    0.45744601   -0.09504909
160.0000  1.10000  1.30000   -76.06762518    0.26560397   -0.17387855
                             -76.23366921  -76.23940703    0.24584364   -0.16491618
180.0000  1.10000  1.30000   -76.05222399    0.00000000   -0.24193730
                             -76.21896807  -76.22478639    0.00000000   -0.22743186
 80.0000  0.60000  1.00000   -75.83550167    0.83319407   -0.06278946
                             -76.00639677  -76.01114302    0.82448880   -0.06042092
100.0000  0.60000  1.00000   -75.85969237    0.74472788   -0.12567969
                             -76.02983754  -76.03453149    0.73444945   -0.12280220
120.0000  0.60000  1.00000   -75.85987653    0.63272736   -0.19561838
                             -76.02992417  -76.03461779    0.62096613   -0.19234236
140.0000  0.60000  1.00000   -75.84505286    0.47791717   -0.27024976
                             -76.01563856  -76.02038205    0.46636973   -0.26646293
 80.0000  0.60000  0.90000   -75.82791507    0.81174370   -0.04972996
                             -75.99940603  -76.00405213    0.80463642   -0.04786985
100.0000  0.60000  0.90000   -75.85697120    0.72394123   -0.09499060
                             -76.02777682  -76.03237858    0.71520596   -0.09303809
120.0000  0.60000  0.90000   -75.86025151    0.61360271   -0.14465658
                             -76.03102738  -76.03563721    0.60330091   -0.14267942
140.0000  0.60000  0.90000   -75.84757520    0.46129209   -0.19574755
                             -76.01897420  -76.02364453    0.45101670   -0.19359358
180.0000  0.70000  1.00000   -76.02213542    0.00000000   -0.29101903
                             -76.19261794  -76.19758567    0.00000000   -0.28556616
170.0000  0.70000  1.00000   -76.02431486    0.13599092   -0.28426361
                             -76.19467902  -76.19963659    0.13133353   -0.27901630
160.0000  0.70000  1.00000   -76.03039523    0.26409210   -0.26567066
                             -76.20044191  -76.20537196    0.25558488   -0.26092054
140.0000  0.70000  1.00000   -76.04894027    0.47873832   -0.20886699
                             -76.21814078  -76.22299536    0.46617293   -0.20511398
120.0000  0.70000  1.00000   -76.06478550    0.63629285   -0.14738615
                             -76.23345565  -76.23825784    0.62337340   -0.14420866
100.0000  0.70000  1.00000   -76.06598145    0.75195766   -0.09139553
                             -76.23476952  -76.23957046    0.74049589   -0.08874590
 80.0000  0.70000  1.00000   -76.04368472    0.84324586   -0.04236194
                             -76.21326221  -76.21811471    0.83344304   -0.04037843
 60.0000  0.70000  1.00000   -75.98990902    0.92498948   -0.00261765
                             -76.16071663  -76.16565347    0.91517322   -0.00125822
 40.0000  0.70000  1.00000   -75.88469582    1.00255293    0.01890047
                             -76.05650275  -76.06149761    0.98956531    0.02006353
170.0000  0.90000  1.70000   -75.98140546    0.04534494    0.27624544
                             -76.15017453  -76.15611843    0.02504141    0.19674520
 80.0000  0.90000  1.70000   -76.05824273    0.79114674    0.10117765
                             -76.22520733  -76.23086868    0.80762484    0.06621464
160.0000  0.90000  1.70000   -75.99761983    0.15410691    0.10695072
                             -76.16610332  -76.17200213    0.13909191    0.04487065
175.0000  0.90000  1.70000   -75.97361773 -0.00070909 0.51136795
                             -76.14202090 -76.14791734 -0.02409757 0.43730536
180.0000  0.90000  1.70000   -75.96747805    0.00000000    0.89876292
                             -76.13622275  -76.14207645    0.00000000    0.88830888
140.0000  0.90000  1.70000   -76.02676193 0.36581093 0.01785896
                             -76.19428444 -76.20006087 0.35852293 -0.02627668
120.0000  0.90000  1.70000   -76.04825580    0.55053568    0.01362564
                             -76.21508132  -76.22076809    0.55068575   -0.02361714
100.0000  0.90000  1.70000   -76.05943119    0.69531233    0.04718992
                             -76.22603319  -76.23167861    0.70324282    0.01223576
 80.0000  0.90000  1.70000   -76.05824273    0.79114680    0.10117755
                             -76.22520733  -76.23086868    0.80762487    0.06621462
 60.0000  0.90000  1.70000   -76.04294753    0.83652810    0.15812957
                             -76.21096621  -76.21671006    0.86182937    0.12262189
 40.0000  0.90000  1.70000   -76.01195845    0.85791476    0.19128558
                             -76.18182808  -76.18772991    0.88684650    0.15813986
180.0000  0.70000  0.80000   -75.99977820    0.00000000   -0.08544388
                             -76.17228832  -76.17712140    0.00000000   -0.08436833
160.0000  0.70000  0.80000   -76.00675323    0.24662886   -0.07957515
                             -76.17880599  -76.18359666    0.23978792   -0.07862931
140.0000  0.70000  0.80000   -76.02230188    0.45172819   -0.06524974
                             -76.19341052  -76.19811186    0.44165540   -0.06448637
120.0000  0.70000  0.80000   -76.03417745    0.60396694   -0.04807876
                             -76.20460856  -76.20924043    0.59393513   -0.04736501
100.0000  0.70000  0.80000   -76.02972194    0.71535818   -0.03130772
                             -76.20014580  -76.20476246    0.70701901   -0.03058916
 80.0000  0.70000  0.80000   -75.99860948    0.80409049   -0.01617433
                             -76.16969719  -76.17435219    0.79759590   -0.01548662
 60.0000  0.70000  0.80000   -75.92910659    0.88424775   -0.00395489
                             -76.10115014  -76.10586596    0.87833803   -0.00334099
180.0000  0.70000  1.10000   -76.00281526 0.00000000    -0.40815901
                             -76.17269325 -76.17773308 0.00000000    -0.39921022
160.0000  0.70000  1.10000   -76.01190759    0.27458759   -0.36693351
                             -76.18137725  -76.18638503    0.26483898   -0.35918807
140.0000  0.70000  1.10000   -76.03211541    0.49306711   -0.28059761
                             -76.20081866  -76.20576294    0.47879030   -0.27460623
120.0000  0.70000  1.10000   -76.04980820    0.65190061   -0.19344920
                             -76.21806895  -76.22297102    0.63729048   -0.18876842
100.0000  0.70000  1.10000   -76.05354837    0.76841613   -0.11703670
                             -76.22198621  -76.22689323    0.75549955   -0.11368667
 80.0000  0.70000  1.10000   -76.03536681    0.85899901   -0.05071336
                             -76.20463872  -76.20960271    0.84808487   -0.04882623
 60.0000  0.70000  1.10000   -75.98870637    0.93821629    0.00393951
                             -76.15932220  -76.16438296    0.92746543    0.00457508
 40.0000  0.70000  1.10000   -75.90161639    1.01967672    0.03554778
                             -76.07348529  -76.07862704    1.00490672    0.03605511
180.0000  1.20000  1.30000   -76.02942458 0.00000000    -0.12123482
                             -76.19637481 -76.20239413 0.00000000    -0.11258754
160.0000  1.20000  1.30000   -76.04668722    0.25280062   -0.07801240
                             -76.21271642  -76.21860992    0.23090794   -0.07365871
140.0000  1.20000  1.30000   -76.07669179    0.46930565   -0.04001488
                             -76.24177703  -76.24755050    0.44331513   -0.03860792
120.0000  1.20000  1.30000   -76.10104235    0.64896157   -0.01914918
                             -76.26566839  -76.27136514    0.62556223   -0.01951596
110.0000  1.20000  1.30000   -76.10874118 0.72549677 -0.01131829
                             -76.27334957 -76.27902754 0.70415407 -0.01235213
100.0000  1.20000  1.30000   -76.11273207    0.79305085   -0.00426023
                             -76.27749173  -76.28316638    0.77399529   -0.00587520
 80.0000  1.20000  1.30000   -76.10809535    0.90092362    0.00833747
                             -76.27379079  -76.27951523    0.88673240    0.00570262
 60.0000  1.20000  1.30000   -76.08539560    0.97406052    0.01643127
                             -76.25317632  -76.25904889    0.96352929    0.01300200
 50.0000  1.20000  1.30000   -76.06753484 0.99601593 0.01556557
                             -76.23672220 -76.24270053 0.98478889 0.01215659
 40.0000  1.20000  1.30000   -76.04327316    0.99417046    0.00944093
                             -76.21348190  -76.21953428    0.97884658    0.00697718
180.0000  0.80000  1.50000   -75.97968419 0.00000000    -0.82783761
                             -76.14840546 -76.15398632 0.00000000    -0.79038128
170.0000  0.80000  1.50000   -75.98478328 0.15517485 -0.72303363
                             -76.15368606 -76.15931387 0.14121066 -0.68872720
160.0000  0.80000  1.50000   -75.99699960    0.28195770   -0.54158663
                             -76.16595035  -76.17159110    0.26093867   -0.52001716
140.0000  0.80000  1.50000   -76.02614063    0.48030506   -0.30739899
                             -76.19444591  -76.20000266    0.46044044   -0.30583987
120.0000  0.80000  1.50000   -76.04927056    0.64020010   -0.17996735
                             -76.21699726  -76.22247312    0.62666966   -0.18694344
100.0000  0.80000  1.50000   -76.06017338    0.76454405   -0.08179690
                             -76.22784230  -76.23328785    0.75840248   -0.09421961
 80.0000  0.80000  1.50000   -76.05531954    0.85070460    0.00806665
                             -76.22357770  -76.22905417    0.85265176   -0.00907912
 60.0000  0.80000  1.50000   -76.03195124    0.90029385    0.08915796
                             -76.20150789  -76.20708116    0.91024550    0.06794136
 40.0000  0.80000  1.50000   -75.98733891    0.93830114    0.14389049
                             -76.15879149  -76.16451548    0.95127064    0.12201741
 30.0000  0.80000  1.50000   -75.95642192 0.97837423 0.15237567
                             -76.12880142 -76.13459815 0.98654329 0.13343346
180.0000  1.00000  1.70000   -75.97360793 0.00000000     0.89878528
                             -76.14208308 -76.14811626 0.00000000    0.88532012
175.0000  1.00000  1.70000   -75.97933919 -0.01540075 0.59188492
                             -76.14698435 -76.15297516 -0.03981509 0.53590873
160.0000  1.00000  1.70000   -76.00271375    0.13385467    0.19341376
                             -76.17036035  -76.17635845    0.11707679    0.13505047
140.0000  1.00000  1.70000   -76.03164844    0.35189878    0.08122772
                             -76.19836168  -76.20424303    0.34292543    0.03800579
120.0000  1.00000  1.70000   -76.05305378    0.54383242    0.06040663
                             -76.21908270  -76.22487574    0.54216907    0.02352093
 60.0000  1.00000  1.70000   -76.04868511    0.85144170    0.16021650
                             -76.21625405  -76.22213461    0.87378456    0.12454368
 40.0000  1.00000  1.70000   -76.01938513    0.89509805    0.16521159
                             -76.18925484  -76.19533040    0.91771236    0.13262798
100.0000  1.00000  1.70000   -76.06428249    0.69566686    0.07926868
                             -76.23011387  -76.23586728    0.70147522    0.04464291
 80.0000  1.00000  1.70000   -76.06336300    0.79804202    0.11915230
                             -76.22963806  -76.23541440    0.81202318    0.08444772
 80.0000  0.90000  2.00000   -76.02598185    0.67343562    0.22104524
                             -76.19143992  -76.19701806    0.69788798    0.17856021
100.0000  0.90000  2.00000   -76.02529700    0.56853392    0.22634711
                             -76.19059229  -76.19616089    0.58624690    0.17874338
120.0000  0.90000  2.00000   -76.01757589    0.41627402    0.28023429
                             -76.18292508  -76.18850044    0.42504668    0.22856797
140.0000  0.90000  2.00000   -76.00500190    0.24075847    0.41253098
                             -76.17040878  -76.17597973    0.23832622    0.36250605
160.0000  0.90000  2.00000   -75.99170003    0.08737503    0.63022411
                             -76.15693459  -76.16245861    0.07569374    0.59890479
180.0000  0.90000  2.00000   -75.98425243    0.00000000    0.78598226
                             -76.15024808  -76.15581608    0.00000000    0.77356806
180.0000  1.30000  1.50000   -75.95194753 0.00000000    -0.22328171
                             -76.12133367 -76.12807458 0.00000000    -0.19907457
179.0000  1.30000  1.50000   -75.95214326 -0.00578408 -0.21658075
                             -76.12149748 -76.12822233 -0.01007559 -0.19398004
175.0000  1.30000  1.50000   -75.95595550  0.00160909 -0.13283273
                             -76.12475706 -76.13132403 -0.01584506 -0.12747037
170.0000  1.30000  1.50000   -75.96376455 0.04948298 -0.05899695
                             -76.13185958 -76.13831130 0.02538979 -0.06299553
160.0000  1.30000  1.50000   -75.98137429    0.16465712   -0.00307768
                             -76.14847684  -76.15479361    0.13863574   -0.01147551
140.0000  1.30000  1.50000   -76.01390514    0.38986348    0.01788623
                             -76.17967428  -76.18581041    0.36829048    0.00793500
120.0000  1.30000  1.50000   -76.03771933    0.58758274    0.02386867
                             -76.20272680  -76.20874821    0.57246221    0.01344110
100.0000  1.30000  1.50000   -76.04991295    0.74800517    0.03316947
                             -76.21480016  -76.22077376    0.73950071    0.02225952
 80.0000  1.30000  1.50000   -76.04852959    0.86483902    0.04602253
                             -76.21418108  -76.22019318    0.86323684    0.03426332
 60.0000  1.30000  1.50000   -76.03296081    0.94470854    0.05329129
                             -76.20083583  -76.20702696    0.94801920    0.04050769
 40.0000  1.30000  1.50000   -76.00953241    0.99572355    0.02350643
                             -76.18044369  -76.18696760    0.98127082    0.01572562
180.0000  1.10000  1.50000   -75.998248620.00000000    -0.47834190
                             -76.16615515 -76.17235444  0. 0.
160.0000  1.10000  1.50000   -76.02087079    0.22227491   -0.18954846
                             -76.18803446  -76.19408736    0.19751709   -0.18584107
140.0000  1.10000  1.50000   -76.05258140    0.43280207   -0.07579506
                             -76.21863130  -76.22453435    0.41026198   -0.08276094
120.0000  1.10000  1.50000   -76.07664960    0.61559577   -0.02660142
                             -76.24203068  -76.24783375    0.59874917   -0.03750748
100.0000  1.10000  1.50000   -76.08862568    0.76243008    0.01336903
                             -76.25395454  -76.25972016    0.75191987   -0.00030274
 80.0000  1.10000  1.50000   -76.08586045    0.86794350    0.05280544
                             -76.25193795  -76.25774264    0.86423978    0.03637459
 60.0000  1.10000  1.50000   -76.06677880    0.93539597    0.08206253
                             -76.23471802  -76.24066314    0.93756426    0.06316736
 40.0000  1.10000  1.50000   -76.03200379    0.98732979    0.06229703
                             -76.20248787  -76.20863410    0.98319074    0.04750071
180.0000  1.20000  1.50000   -75.97656687 0.00000000    -0.35077957
                             -76.14501407 -76.15146527 0.00000000    -0.31835922
170.0000  1.20000  1.50000   -75.98567367 0.08443372 -0.19092546
                             -76.15355530 -76.15986404 0.06281202 -0.18274576
160.0000  1.20000  1.50000   -76.00210643    0.19576962   -0.08330863
                             -76.16917020  -76.17536034    0.17013908   -0.08684857
100.0000  1.20000  1.50000   -76.07063318    0.75768836    0.02901284
                             -76.23566193  -76.24153445    0.74733969    0.01596789
 80.0000  1.20000  1.50000   -76.06858471    0.86917095    0.05386747
                             -76.23438090  -76.24029263    0.86557905    0.03904464
140.0000  1.20000  1.50000   -76.03440415    0.41331607   -0.01865769
                             -76.20022469  -76.20624726    0.39067616   -0.02801371
120.0000  1.20000  1.50000   -76.05847487    0.60378477    0.00619289
                             -76.22358297  -76.22949796    0.58706436   -0.00527869
 60.0000  1.20000  1.50000   -76.05128679    0.94272945    0.07033865
                             -76.21913306  -76.22520379    0.94451262    0.05381109
 40.0000  1.20000  1.50000   -76.02204103    0.99287693    0.04047864
                             -76.19266804  -76.19899217    0.98353430    0.02903556
170.0000  0.90000  1.50000   -76.01699472    0.14377524   -0.60513064
                             -76.18515966  -76.19095061    0.12808564   -0.57240571
175.0000  0.90000  1.50000   -76.01286756    0.07423298   -0.68612680
                             -76.18095985  -76.18673723    0.06556973   -0.64827631
170.0000  1.00000  1.70000   -75.98678606    0.02517372    0.37598380
                             -76.15468990  -76.16072347    0.00300409    0.30738624
170.0000  1.00000  1.75000   -75.98619630    0.01915811    0.57335541
                             -76.15318332  -76.15909667   -0.00174786    0.52251818
 40.0000  0.90000  0.95000   -76.01635041    0.98880162    0.00268264
                             -76.18693357  -76.19208773    0.97481348    0.00268782
 60.0000  0.90000  0.95000   -76.12464589    0.94143817    0.00053904
                             -76.29380056  -76.29888443    0.92978804    0.00068951
 80.0000  0.90000  0.95000   -76.17389514    0.86197790   -0.00581373
                             -76.34160336  -76.34659591    0.85003068   -0.00546437
100.0000  0.90000  0.95000   -76.19289973    0.76588200   -0.01426775
                             -76.35974089  -76.36468097    0.75224887   -0.01372825
104.5200  0.90000  0.95000   -76.19381935    0.74108839   -0.01639276
                             -76.36056064  -76.36549615    0.72707204   -0.01581482
110.0000  0.90000  0.95000   -76.19350205    0.70906627   -0.01907510
                             -76.36017039  -76.36510414    0.69464199   -0.01845307
120.0000  0.90000  0.95000   -76.18938815    0.64412769   -0.02428040
                             -76.35605860  -76.36099980    0.62921497   -0.02358340
140.0000  0.90000  0.95000   -76.17171764    0.48191417   -0.03579814
                             -76.33888444  -76.34387975    0.46763570   -0.03494173
160.0000  0.90000  0.95000   -76.15164043    0.26511866   -0.04709917
                             -76.31967653  -76.32475410    0.25545883   -0.04598671
170.0000  0.90000  0.95000   -76.14505098    0.13647990   -0.05096875
                             -76.31342892  -76.31853801    0.13118003   -0.04972228
 50.0000  0.90000  0.95000   -76.08281636    0.97220740    0.00229989
                             -76.25275766  -76.25788586    0.95966673    0.00236590
180.0000  0.90000  0.95000   -76.14268422 0.00000000    -0.05239814
                             -76.31119164 -76.31631262     0.00000000    -0.05109487
175.0000  0.90000  0.95000   -76.14328433 0.06876870 -0.05203342
                             -76.31175859 -76.31687652 0.06605339 -0.05074503
100.0000 10.00000 10.00000   -75.84663797    0.00007079    0.00000000
                             -75.99589839  -76.00060720    0.00006849    0.00000000
 60.0000  0.90000  2.00000   -76.01828010    0.72259786    0.23423799
                             -76.18424984  -76.18986768    0.75096969    0.19758985
 40.0000  0.90000  2.00000   -76.00135442    0.72853949    0.23497560
                             -76.16836613  -76.17407248    0.75384282    0.20590970
 30.0000  0.90000  2.00000   -75.98963742 0.72249226 0.22298904
                             -76.15744399 -76.16322348  0.74083266  0.19837104
 20.0000  0.90000  2.00000   -75.97671637    0.70735370    0.19778684
                             -76.14551185  -76.15138924    0.71326077    0.17752486
 10.0000  0.90000  2.00000   -75.96499507  0.67406751 0.13961731
                              -76.13489399 -76.14088645 0.66191152 0.12424680
  0.0000  0.90000  2.00000   -75.95962476    0.64570525    0.00000000
                             -76.13019751  -76.13625843    0.61990041    0.00000000
  0.0000  0.95000  2.00000   -75.96117915  0.67445533 0.00000000
                             -76.13290307 -76.13918964 0.64281486 0.00000000
  0.0000  0.90000  1.90000  -75.94630222  0.61345288     0.00000000
                             -76.11899471 -76.12526272 0.58201841     0.00000000
  5.0000  0.90000  1.90000  -75.94900971  0.64693169  0.12972948
                            -76.12121754 -76.12744066 0.62604637 0.11299381
 10.0000  0.90000  1.90000  -75.95535389 0.69571222 0.18533201
                            -76.12680155 -76.13294602 0.68878895 0.16462248
  0.0000  0.90000  2.10000   -75.86337867    1.35317783   -0.00000001
                             -76.13539491  -76.14545674    0.68469896    0.00000000
  0.0000  0.90000  2.50000   -75.98951298    0.69972165    0.00000000
                             -76.15438601  -76.15987032    0.68910879    0.00000000
  0.0000  0.90000  3.00000   -75.99616734    0.69350730    0.00000000
                             -76.15925808  -76.16456124    0.68326082    0.00000000
  0.0000  1.00000  2.00000   -75.95756848    0.70204646    0.00000000
                             -76.13077650  -76.13731795    0.66328919    0.00000000
  5.0000  0.90000  2.00000   -75.96108822    0.65458797    0.08231495
                             -76.13146597  -76.13750899    0.63338613    0.07198197
  5.0000  1.00000  2.00000   -75.96004775    0.72870779    0.11630697
                             -76.13257068  -76.13903902    0.69950777    0.09586175
 50.0000  1.10000  1.50000   -76.05136062    0.96232649    0.08166591
                             -76.22065046  -76.22670232    0.96430562    0.06306629
 30.0000  1.10000  1.50000   -76.00369783    0.99181312    0.02833941
                             -76.17441130  -76.18055906    0.97629980    0.02127257
110.0000  1.10000  1.50000   -76.08433642    0.69392250   -0.00644898
                             -76.24960459  -76.25538037    0.68019727   -0.01877969
170.0000  1.10000  1.50000   -76.00568832    0.11046853   -0.33524692
                             -76.17340533  -76.17954503 0.09094033 -0.31500007
175.0000  1.10000  1.50000   -76.00031923   0.05449100 -0.43041680
                             -76.16818816 -76.17436928  0.04279163 -0.39834069
 80.0000  0.75000  0.85000   -76.08004430    0.82207942   -0.01516198
                             -76.25002049  -76.25476936    0.81410440   -0.01440932
140.0000  0.75000  0.85000   -76.09567740    0.46100173   -0.06797117
                             -76.26552486  -76.27030802    0.44992985   -0.06694857
100.0000  0.75000  0.85000   -76.10736480    0.73085874   -0.03102464
                             -76.27661993  -76.28132632    0.72115159   -0.03016294
120.0000  0.75000  0.85000   -76.10930990    0.61635675   -0.04897966
                             -76.27852651  -76.28324421    0.60511243   -0.04805877
160.0000  0.75000  0.85000   -76.07888520    0.25210436   -0.08446714
                             -76.24965385  -76.25452432    0.24461953   -0.08319292
170.0000  0.75000  0.85000   -76.07337928    0.12935622   -0.08960369
                             -76.24448110  -76.24938250    0.12526770   -0.08820322
180.0000  0.75000  0.85000   -76.07141045    0.00000000   -0.09143556
                             -76.24263497  -76.24754769    0.00000000   -0.08998408
 80.0000  1.10000  1.70000   -76.05320066    0.80344370    0.13021215
                             -76.21900555  -76.22489440    0.81583526    0.09649222
100.0000  1.10000  1.70000   -76.05383964    0.69458152    0.10354896
                             -76.21913266  -76.22499276    0.69906891    0.06979269
 60.0000  1.10000  1.70000   -76.03931730    0.86541265    0.15658989
                             -76.20666875  -76.21268613    0.88564105    0.12163795
120.0000  1.10000  1.70000   -76.04261938    0.53601822    0.09830248
                             -76.20809641  -76.21399600    0.53319607    0.06222122
 40.0000  1.10000  1.70000   -76.01292957    0.92910779    0.13405482
                             -76.18306285  -76.18932284    0.94460861    0.10344750
140.0000  1.10000  1.70000   -76.02141502    0.33747529    0.13382610
                             -76.18757221  -76.19356037    0.32729156    0.09201783
 80.0000  1.30000  1.70000   -76.01575070    0.80121487    0.12634502
                             -76.18105926  -76.18714978    0.81551299    0.09848560
100.0000  1.30000  1.70000   -76.01586797    0.68079259    0.12065606
                             -76.18057862  -76.18663239    0.68724732    0.09228912
120.0000  1.30000  1.70000   -76.00493630    0.51101001    0.13513839
                             -76.16983120  -76.17592653    0.50991589    0.10441010
140.0000  1.30000  1.70000   -75.98462958    0.30254317    0.18788032
                             -76.15019905  -76.15638478    0.29329343    0.15313278
160.0000  1.30000  1.70000   -75.95745437    0.07538077    0.32740239
                             -76.12393188  -76.13023305    0.05665883    0.28884569
170.0000  1.30000  1.70000   -75.94312807 -0.02200501 0.48968078
                             -76.10998755 -76.11633653 -0.04512588 0.45763629
175.0000  1.30000  1.70000   -75.93705804 -0.04131457 0.61993563
                             -76.10410436 -76.11047200 -0.06218278 0.60142305
100.0000  0.70000  1.20000   -76.03378598    0.78089738   -0.13660735
                             -76.20214269  -76.20716391    0.76715785   -0.13340270
120.0000  0.70000  1.20000   -76.02780155    0.66431898   -0.23205465
                             -76.19595287  -76.20096738    0.64813585   -0.22616975
 80.0000  0.70000  1.20000   -76.01938501    0.86949925   -0.05414116
                             -76.18858507  -76.19366453    0.85869834   -0.05359788
140.0000  0.70000  1.20000   -76.00843752    0.50552297   -0.34535246
                             -76.17695469  -76.18200413    0.48923342   -0.33675307
 40.0000  0.80000  1.20000   -76.00199891    1.01695766    0.04378110
                             -76.17316969  -76.17856029    1.00270508    0.04123759
 60.0000  0.80000  1.20000   -76.07524240    0.95125495    0.01895970
                             -76.24476050  -76.25005034    0.94017912    0.01684246
 80.0000  0.80000  1.20000   -76.11346240    0.87753514   -0.03411652
                             -76.28144902  -76.28663078    0.86518562   -0.03403789
100.0000  0.80000  1.20000   -76.12642805    0.78513004   -0.10040398
                             -76.29352938  -76.29865329    0.76987564   -0.09774530
120.0000  0.80000  1.20000   -76.11940695    0.66394423   -0.17881087
                             -76.28628341  -76.29140283    0.64631041   -0.17350732
140.0000  0.80000  1.20000   -76.09912487    0.50198325   -0.27471004
                             -76.26636175  -76.27152030    0.48429927   -0.26665765
160.0000  0.80000  1.20000   -76.07616335    0.28202139   -0.38344721
                             -76.24409126  -76.24930607    0.26956541   -0.37218104
180.0000  0.80000  1.20000   -76.06549552    0.00000000   -0.44331373
                             -76.23382277  -76.23906568    0.00000000   -0.42984382
150.0000  0.80000  1.20000   -76.08711027    0.40040614   -0.32928885
                             -76.25468022  -76.25986731    0.38443988   -0.31970239
170.0000  0.80000  1.20000   -76.06835186    0.14674556   -0.42641660
                             -76.23656706  -76.24180237    0.13980134   -0.41361808
100.0000  0.85000  0.95000   -76.18121034    0.75977706   -0.02927312
                             -76.34851238  -76.35340481    0.74696384   -0.02822320
104.5200  0.85000  0.95000   -76.18237688    0.73532682   -0.03347459
                             -76.34958411  -76.35447227    0.72212704   -0.03236168
110.0000  0.85000  0.95000   -76.18233021    0.70373947   -0.03876504
                             -76.34947101  -76.35435781    0.69012428   -0.03758086
120.0000  0.85000  0.95000   -76.17864734    0.63959717   -0.04898246
                             -76.34580322  -76.35069829    0.62546874   -0.04767834
140.0000  0.85000  0.95000   -76.16171048    0.47873203   -0.07127465
                             -76.32938690  -76.33433773    0.46515798   -0.06970715
160.0000  0.85000  0.95000   -76.14228515    0.26314099   -0.09258118
                             -76.31083563  -76.31586883    0.25397193   -0.09056817
100.0000  0.75000  0.75000   -76.04953852    0.71426878    0.00000001
                             -76.21990938  -76.22452764    0.70598470    0.00000000
120.0000  0.75000  0.75000   -76.05414668    0.60273289    0.00000000
                             -76.22452942  -76.22916384    0.59273862    0.00000000
 80.0000  0.75000  0.75000   -76.01815595    0.80311892    0.00000000
                             -76.18918799  -76.19384381    0.79671250    0.00000000
140.0000  0.75000  0.75000   -76.04237374    0.45050472    0.00000000
                             -76.21344081  -76.21814588    0.44046003    0.00000000
 80.0000  0.85000  0.85000   -76.14138573    0.83858510    0.00000000
                             -76.31029943  -76.31514257    0.82908972    0.00000000
140.0000  0.85000  0.85000   -76.14977602    0.46907591    0.00000000
                             -76.31840534  -76.32327194    0.45688781    0.00000000
100.0000  0.85000  0.85000   -76.16533488    0.74503593    0.00000000
                             -76.33346871  -76.33826574    0.73386815    0.00000000
120.0000  0.85000  0.85000   -76.16503577    0.62739677    0.00000000
                             -76.33308174  -76.33788650    0.61482911    0.00000000
160.0000  0.85000  0.85000   -76.13174877    0.25690088    0.00000000
                             -76.30128177  -76.30623449    0.24868268    0.00000000
180.0000  0.85000  0.85000   -76.12375000    0.00000000    0.00000000
                             -76.29374202  -76.29873750    0.00000000    0.00000000
 60.0000  0.85000  0.85000   -76.08366486    0.91932872    0.00000001
                             -76.25381251  -76.25873269    0.91012756    0.00000000
 40.0000  0.85000  0.85000   -75.95455868    0.97555839    0.00000000
                             -76.12575588  -76.13072675    0.96419262    0.00000000
60.00000  0.75000  0.85000   -76.01684877 0.90308667 -0.00262152
                             -76.18791674 -76.19273457 0.89549167 -0.00201674
 80.0000  0.85000  0.95000   -76.16076112    0.85482650   -0.01248301
                             -76.32890262  -76.33384599    0.84367720   -0.01175254
 60.0000  0.85000  0.95000   -76.10910528    0.93494181    0.00030607
                             -76.27862030  -76.28365069    0.92403092    0.00069653
 40.0000  0.85000  0.95000   -75.99632161    0.98780176    0.00518138
                             -76.16713242  -76.17222669    0.97448234    0.00531508
 80.0000  1.10000  1.20000   -76.14497326    0.90215993    0.00026351
                             -76.31086895  -76.31636445    0.88593746   -0.00070224
100.0000  1.10000  1.20000   -76.15285426    0.79910217   -0.01492982
                             -76.31776777  -76.32320654    0.77943299   -0.01491132
120.0000  1.10000  1.20000   -76.14266581    0.66368659   -0.03354194
                             -76.30733628  -76.31277960    0.64127479   -0.03239388
140.0000  1.10000  1.20000   -76.11953182    0.49115828   -0.05857416
                             -76.28456079  -76.29005755    0.46828262   -0.05607555
160.0000  1.10000  1.20000   -76.09263746    0.27192622   -0.09401383
                             -76.25850174  -76.26408726    0.25486126   -0.08967687
180.0000  1.10000  1.20000   -76.07914155    0.00000000   -0.11984369
                             -76.24565969  -76.25131298    0.00000000   -0.11369461
 60.0000  1.10000  1.20000   -76.11581386    0.97490565    0.01072195
                             -76.28365041  -76.28927661    0.96107783    0.00893470
 50.0000  1.10000  1.20000   -76.09199136 0.99636445 0.01181177
                             -76.26106433 -76.26677148 0.98232107 0.00985785
 40.0000  1.10000  1.20000   -76.05704729    0.99602601    0.00860653
                             -76.22709580  -76.23285288    0.98024458    0.00697294
 80.0000  1.00000  2.00000   -76.03104830    0.68278090    0.24102937
                             -76.19589061  -76.20159092    0.70505067    0.19862994
100.0000  1.00000  2.00000   -76.03039063    0.57400977    0.25370097
                             -76.19500111  -76.20068388    0.58944753    0.20719653
 80.0000  0.80000  1.70000   -76.02288018    0.78464981    0.07750464
                             -76.19076912  -76.19631358    0.80403416    0.04274251
100.0000  0.80000  1.70000   -76.02431600    0.69513421    0.00916535
                             -76.19193068  -76.19746665    0.70553366   -0.02581891
120.0000  0.80000  1.70000   -76.01324056    0.55737918   -0.03930033
                             -76.18111599  -76.18669626    0.55959950   -0.07668174
140.0000  0.80000  1.70000   -75.99174138    0.38002502   -0.05223365
                             -76.16033708  -76.16600956    0.37452672   -0.09686420
 60.0000  0.80000  1.70000   -76.00718663    0.82257524    0.15055180
                             -76.17591012  -76.18151833    0.85120267    0.11582904
 40.0000  0.80000  1.70000   -75.97568946    0.82176907    0.20870905
                             -76.14584268  -76.15157571    0.85607067    0.17643673
 50.0000  0.80000  1.70000   -75.99348513    0.82514619    0.18269293
                             -76.16284862  -76.16851108    0.85752481    0.14871413
 30.0000  0.80000  1.70000   -75.95391842    0.81733241    0.22826928
                             -76.12500355  -76.13082569    0.85040793    0.19872082
 80.0000  1.20000  2.00000   -76.00342150    0.69168029    0.26037500
                             -76.16755807  -76.17348620    0.71342600    0.22123511
100.0000  1.20000  2.00000   -76.00284527    0.57587709    0.28442190
                             -76.16662927  -76.17252591    0.59040846    0.24302839
 80.0000  0.90000  1.20000   -76.14915967    0.88683431   -0.01790619
                             -76.31616691  -76.32144835    0.87289064   -0.01838379
100.0000  0.90000  1.20000   -76.16050246    0.79056828   -0.06708432
                             -76.32658131  -76.33180479    0.77369530   -0.06527303
120.0000  0.90000  1.20000   -76.15238599    0.66454834   -0.12630461
                             -76.31822171  -76.32344267    0.64532620   -0.12207612
140.0000  0.90000  1.20000   -76.13111591    0.49912186   -0.20105786
                             -76.29730580  -76.30256993    0.47987746   -0.19423356
160.0000  0.90000  1.20000   -76.10698843    0.27925317   -0.29096437
                             -76.27391264  -76.27924253    0.26553316   -0.28094004
180.0000  0.90000  1.20000   -76.09560352    0.00000000   -0.34379349
                             -76.26299036  -76.26835762    0.00000000   -0.33132574
 40.0000  0.90000  1.20000   -76.04262681    1.00900436    0.02973742
                             -76.21315851  -76.21865714    0.99427766    0.02689557
 60.0000  0.90000  1.20000   -76.11357398    0.96023344    0.01944983
                             -76.28225217  -76.28764724    0.94781855    0.01700317
 50.0000  0.90000  1.20000   -76.08431733    0.98902163    0.02933073
                             -76.25399697  -76.25945518    0.97602937    0.02634217
 30.0000  0.90000  1.20000   -75.97475233    1.01121583    0.02085279
                             -76.14567229  -76.15115875    0.99410888    0.01900756
 60.0000  1.20000  1.70000   -76.02285577    0.87622612    0.14699950
                             -76.19016581  -76.19631648    0.89576772    0.11398874
120.0000  1.20000  1.70000   -76.02507960    0.52561827    0.12429124
                             -76.19020239  -76.19620521    0.52278665    0.08999679
 40.0000  1.20000  1.70000   -76.00039167    0.95638117    0.10220957
                             -76.17101193  -76.17747522    0.96403168    0.07479858
 80.0000  1.20000  1.70000   -76.03584505    0.80525295    0.13304712
                             -76.20135016  -76.20734561    0.81754092    0.10145162
100.0000  1.20000  1.70000   -76.03620941    0.69026284    0.11802925
                             -76.20115090  -76.20711313    0.69476853    0.08615513
140.0000  1.20000  1.70000   -76.00422533    0.32143971    0.17109445
                             -76.17002823  -76.17612080    0.31097703    0.13179557
D 40.0000  1.20000  1.70000   -76.00039167    0.95638123    0.10220970
                             -76.17101193  -76.17747516    0.96403174    0.07480336
170.0000  0.70000  1.50000   -75.89374859 0.16481254 -0.82786951
                             -76.06369322 -76.06916208 0.15247700 -0.79404431
170.0000  0.70000  1.30000   -75.95020097 0.15507931 -0.63238381
                             -76.11955046 -76.12476079 0.14747826 -0.61388773
175.0000  0.70000  1.30000   -75.94788774 0.07868898 -0.65396336
                             -76.11728751 -76.12249763 0.07476424 -0.63489791
170.0000  0.70000  1.10000   -76.00522379 0.14201244 -0.39697610
                             -76.17499017 -76.18002116 0.13666044 -0.38837949
175.0000  0.70000  1.10000   -76.00342638 0.07165219 -0.40530127
                             -76.17327581 -76.17831321 0.06890725 -0.39644574
175.0000  0.80000  1.30000   -76.03766583 0.07689747 -0.56288881
                             -76.20590803 -76.21125337 0.07252534 -0.54326389
175.0000  0.80000  1.10000   -76.09201680 0.07145111 -0.31808949
                             -76.26061337 -76.26576187 0.06843497 -0.30974265
175.0000  0.95000  1.50000   -76.01621719 0.07053482 -0.62601981
                             -76.18410617 -76.18997776 0.06118655 -0.58837451
175.0000  1.00000  1.50000   -76.01427254 0.06619619  -0.56332853
                             -76.18205813 -76.18802861 0.05613897 -0.52662261
180.0000  0.95000  1.50000   -76.01462278 0.00000000    -0.66186660
                             -76.18247763 -76.18834148 0.00000000    -0.62208669
170.0000  0.95000  1.50000   -76.02058007 0.13708096 -0.54158011
                             -76.18850742 -76.19438322 0.12050683 -0.51057075
180.0000  0.95000  1.40000   -76.04198977 0.00000000    -0.53978361
                             -76.20936913 -76.21507531 0.00000000    -0.51134952
180.0000  1.00000  1.40000   -76.03966187 0.00000000     0.75626250
                             -76.20688908 -76.21268721 0.00000000    -0.45444726
175.0000  0.95000  1.40000   -76.04316156 0.07384178 -0.52495530     
                             -76.21051815 -76.21622333 0.06718803 -0.49743682
170.0000  0.95000  1.40000   -76.04649403  0.14487911 -0.48607783
                             -76.21378347 -76.21948518 0.13239156 -0.46100340
170.0000  1.00000  1.40000   -76.04441700 0.14067899 -0.42803567
                             -76.21151614 -76.21730187 0.12742475 -0.40421918
170.0000  1.05000  1.40000   -76.03861164 0.13585009 -0.36855484
                             -76.20560901 -76.21148255 0.12177368  -0.34654884
 10.0000  0.90000  2.20000   -75.97919639 0.68511699 0.08948227
                             -76.14642139 -76.15214598  0.67338891 0.08113782
 10.0000  0.90000  2.80000   -75.99493114  0.69400612 0.05346410
                             -76.15846907 -76.16381903 0.68469484 0.05072392
 10.0000  0.90000  2.50000   -75.99031425  0.69633018 0.06204136
                             -76.15509584 -76.16057246 0.68712280 0.05776804
 10.0000  0.90000  3.10000   -75.99673548 0.68673982 0.05121843
                             -76.15963338 -76.16491705  0.67635384 0.04922586
 10.0000  0.90000  3.50000   -75.99750677 0.67632413 0.05145542
                             -76.16000242 -76.16524259 0.66464759 0.04994280
 10.0000  0.95000  2.20000   -75.98238479 0.71330098 0.09262117
                             -76.15008865 -76.15596505 0.69944497 0.08230043
 10.0000  1.00000  2.20000   -75.98034142 0.74379026 0.09615336
                             -76.14871754 -76.15476233 0.72725926 0.08341268
 60.0000  1.30000  1.70000   -76.00365874 0.88137800 0.13109761
                             -76.17102808 -76.17730241 0.90235425 0.10161770
 40.0000  1.30000  1.70000   -75.98568978 0.97542849 0.07329143
                             -76.15697133 -76.16366488 0.97441868 0.05009909
100.0000  1.10000  2.00000   -76.02019957 0.57707676 0.27382419
                             -76.18432520 -76.19011909 0.59126760 0.22919377