theta r1 r2 energy dipole_x dipole_y
105.00000000 0.98000000 0.95000000 -76.19769220 0.74737298 0.00954757 
105.00000000 1.08000000 0.95000000 -76.18745754 0.75718061 0.03820904 
103.00000000 0.93000000 0.93000000 -76.19594428 0.75067360 0.00000000 
105.00000000 0.97000000 0.95000000 -76.19794847 0.74628175 0.00640532 
103.00000000 0.98000000 0.98000000 -76.19751433 0.76193711 0.00000003 
103.00000000 1.01000000 1.01000000 -76.19420986 0.76768447 -0.00000001 
103.00000000 1.03000000 1.03000000 -76.19061702 0.77103505 0.00000000 
103.00000000 0.95000000 0.95000000 -76.19778793 0.75540964 0.00000000 
105.00000000 0.95000000 0.95000000 -76.19790119 0.74406139 0.00000001 
107.00000000 0.95000000 0.95000000 -76.19781020 0.73242268 0.00000000 
101.00000000 0.95000000 0.95000000 -76.19746345 0.76647946 0.00000000 
104.00000000 0.95000000 0.95000000 -76.19787053 0.74977119 0.00000000 
106.00000000 0.95000000 0.95000000 -76.19788078 0.73827936 -0.00000001 
102.00000000 0.95000000 0.95000000 -76.19765252 0.76097825 0.00000000 
106.00000000 0.93000000 0.95000000 -76.19701686 0.73604879 -0.00674674 
102.00000000 0.93000000 0.95000000 -76.19670483 0.75863875 -0.00597983 
108.00000000 0.93000000 0.95000000 -76.19686573 0.72431621 -0.00713983 
112.00000000 0.93000000 0.95000000 -76.19598659 0.69990486 -0.00794593 
106.00000000 0.91000000 0.95000000 -76.19519512 0.73379460 -0.01362341 
102.00000000 0.91000000 0.95000000 -76.19479893 0.75627037 -0.01209470 
108.00000000 0.91000000 0.95000000 -76.19508349 0.72212070 -0.01440662 
112.00000000 0.91000000 0.95000000 -76.19427885 0.69782914 -0.01601163 
106.00000000 0.91000000 0.98000000 -76.19492313 0.73741012 -0.02348620 
102.00000000 0.91000000 0.98000000 -76.19466116 0.76002442 -0.02080113 
104.87065000  0.96469900  0.96469900 -76.19812950 0.74802019 0.00000000
110.00000000  0.95000000  0.95000000 -76.19730663 0.71438942 0.00000002
104.30540000 0.95870000 0.95870000 -76.19813326 0.74997239 0.00000003
105.00000000 0.95000000 0.94000000 -76.19757092 0.74293594 0.00325876
111.00000000 0.95000000 0.95000000 -76.19704465 0.70821782 0.00000000
105.50000000 0.95000000 0.95000000 -76.19789731 0.74117978 0.00000000
104.30350000 0.95870000 0.95870000 -76.19813321 0.74998315 0.00000000
109.00000000 0.95000000 0.95000000 -76.19752219 0.72047871 0.00000000
104.38500000 0.95877000 0.95877000 -76.19813567 0.74953228 0.00000000
104.60000000 0.96500000 0.96500000 -76.19812868 0.74964523 0.00000000           
104.00000000 0.96000000 0.96000000 -76.19813603 0.75200105 0.00000000
104.00000000 1.03000000 0.95000000 -76.19412859 0.75838173 0.02379172
104.00000000 1.03000000 1.00000000 -76.19305773 0.76276150 0.00854436
104.36180000 0.95896000 0.95896000 -76.19813722 0.74970651 0.00000000
107.00000000 0.96500000 0.96500000 -76.19797274 0.73561626 0.00000000
104.30500000 0.96200000 0.96200000 -76.19814929 0.75069398 0.00000000
104.30500000 0.95300000 0.95300000 -76.19800521 0.74871137 0.00000000
109.00000000 0.90000000 0.90000000 -76.18990067 0.70895718 0.00000000
109.00000000 1.00000000 1.00000000 -76.19477810 0.73009722 0.00000000
104.20000000 0.93000000 0.93000000 -76.19608881 0.74396235 0.00000000
104.50000000 0.93000000 0.93000000 -76.19611302 0.74226895 0.00000000
115.00000000 0.95000000 0.95000000 -76.19555241 0.68268267 0.00000000
120.00000000 0.95000000 0.95000000 -76.19276622 0.64871233 0.00000000
125.00000000 0.95000000 0.95000000 -76.18908924 0.61223728     0.00000000
130.00000000 0.95000000 0.95000000 -76.18467784 0.57300437     0.00000000
135.00000000 0.95000000 0.95000000 -76.17970487 0.53076173     0.00000000
140.00000000 0.95000000 0.95000000 -76.17436037 0.48525936     0.00000000
145.00000000 0.95000000 0.95000000 -76.16885114 0.43627904     0.00000000
150.00000000 0.95000000 0.95000000 -76.16339858 0.38365121     0.00000000
155.00000000 0.95000000 0.95000000 -76.15823420 0.32730467     0.00000000
160.00000000 0.95000000 0.95000000 -76.15359185 0.26731214     0.00000000
165.00000000 0.95000000 0.95000000 -76.14969643 0.20394725     0.00000000
170.00000000 0.95000000 0.95000000 -76.14674920 0.13772582     0.00000000
175.00000000 0.95000000 0.95000000 -76.14491096 0.06941560     0.00000000
180.00000000 0.95000000 0.95000000 -76.14428613 0.00000000     0.00000000
100.00000000 0.95000000 0.95000000 -76.19721988 0.77191452     0.00000000
 95.00000000 0.95000000 0.95000000 -76.19515584 0.79814863     0.00000000
 90.00000000 0.95000000 0.95000000 -76.19160900 0.82294864     0.00000000
 85.00000000 0.95000000 0.95000000 -76.18648273 0.84647838     0.00000000
 80.00000000 0.95000000 0.95000000 -76.17967884 0.86887423     0.00000000
 75.00000000 0.95000000 0.95000000 -76.17108921 0.89022592     0.00000000
 70.00000000 0.95000000 0.95000000 -76.16058045 0.91055607     0.00000000
 65.00000000 0.95000000 0.95000000 -76.14796536 0.92977528     0.00000000
 60.00000000 0.95000000 0.95000000 -76.13294892 0.94762971     0.00000000
 55.00000000 0.95000000 0.95000000 -76.11502645 0.96362779     0.00000000
 50.00000000 0.95000000 0.95000000 -76.09329326 0.97696577     0.00000000
 45.00000000 0.95000000 0.95000000 -76.06609269 0.98648395     0.00000000
 40.00000000 0.95000000 0.95000000 -76.03036643 0.99069881     0.00000000
 35.00000000 0.95000000 0.95000000 -75.98042940 0.98798467     0.00000000
 70.00000000 0.90000000 0.90000000 -76.14667402 0.89640692     0.00000000
130.00000000 0.90000000 0.90000000 -76.17883043 0.56434167     0.00000000
150.00000000 0.90000000 0.90000000 -76.15901398 0.37725110     0.00000000
104.52000000 0.95722800 0.95722800 -76.19811685 0.74842071     0.00000000
150.00000000 0.95722800 0.95722800 -76.16310949 0.38447201     0.00000000                                   
180.0000  0.95723  0.95723   -76.14378855    0.00000000    0.00000024
170.00000000 0.95722800 0.95722800 -76.14628150   0.13809848 -0.00000024
104.52000000 0.74084780 0.74084780 -76.03563308 0.68892905     0.00000000
104.52000000 1.16418900 1.16418900 -76.14763248 0.77185845     0.00000000
104.52000000 1.37586000 1.37586000 -76.05744076 0.73191985     0.00000000
104.52000000 1.00000000 1.00000000 -76.19556415 0.75705791     0.00000000
100.00000000 1.00000000 1.00000000 -76.19535477 0.78275319     0.00000000
90.000000000 1.00000000 1.00000000 -76.19096769 0.83482400     0.00000000
80.000000000 1.00000000 1.00000000 -76.18061130  0.88121163     0.00000000
70.000000000 1.00000000 1.00000000 -76.16357797 0.92257346     0.00000000
60.000000000 1.00000000 1.00000000 -76.13880547 0.95836197     0.00000000
50.000000000 1.00000000 1.00000000 -76.10353071 0.98512087     0.00000000    
40.000000000 1.00000000 1.00000000 -76.04820253 0.99405742     0.00000000
110.00000000 1.00000000 1.00000000 -76.19447507 0.72386340     0.00000000
120.00000000 1.00000000 1.00000000 -76.18914083 0.65675134     0.00000000
130.00000000 1.00000000 1.00000000 -76.18034574 0.57976313     0.00000000
140.00000000 1.00000000 1.00000000 -76.16933187 0.49101993     0.00000000
150.00000000 1.00000000 1.00000000 -76.15764327 0.38861390     0.00000000
160.00000000 1.00000000 1.00000000 -76.14711674 0.27130112     0.00000000
170.00000000 1.00000000 1.00000000 -76.13970497 0.14007429     0.00000000
180.00000000 1.00000000 1.00000000 -76.13701983 0.00000000     0.00000000
170.00000000 1.10000000 1.10000000 -76.10641402 0.14217863     0.00000000
175.00000000 1.10000000 1.10000000 -76.10397327  0.07182753 -0.00000011
180.00000000 1.10000000 1.10000000 -76.10313606 0.00000000     0.00000000
160.00000000 1.10000000 1.10000000 -76.11524685 0.27415817     0.00000000
140.00000000 1.10000000 1.10000000 -76.14051029 0.49461345     0.00000000
120.00000000 1.10000000 1.10000000 -76.16270081 0.66486971     0.00000000
100.00000000 1.10000000 1.10000000 -76.17177325 0.79703791     0.00000000
90.000000000 1.10000000 1.10000000 -76.16945111 0.85133106     0.00000000
80.000000000 1.10000000 1.10000000 -76.16181795 0.89865886     0.00000000
70.000000000 1.10000000 1.10000000 -76.14842058 0.93933405     0.00000000
60.000000000 1.10000000 1.10000000 -76.12873634 0.97266696     0.00000000
50.000000000 1.10000000 1.10000000 -76.10132773 0.99488612     0.00000000
40.000000000 1.10000000 1.10000000 -76.05975556  0.99532033     0.00000000
50.000000000 1.30000000 1.30000000 -76.05275591 0.99588525     0.00000000
60.000000000 1.30000000 1.30000000 -76.06807678  0.97210267     0.00000000
80.000000000 1.30000000 1.30000000 -76.08813793 0.89677877     0.00000000
90.000000000 1.30000000 1.30000000 -76.09191624 0.84596402     0.00000000
100.00000000 1.30000000 1.30000000 -76.09154243 0.78549410     0.00000000
120.00000000 1.30000000 1.30000000 -76.07943022 0.63604708     0.00000000
140.00000000 1.30000000 1.30000000 -76.05483483 0.45118306     0.00000000
160.00000000 1.30000000 1.30000000 -76.02352036 0.23406921     0.00000000
170.00000000 1.30000000 1.30000000 -76.00977761 0.11613762     0.00000000
180.00000000 1.30000000 1.30000000 -76.00367246 0.00000000     0.00000000
170.00000000 1.50000000 1.50000000 -75.92666863 -0.03574372     0.00000000
160.00000000 1.50000000 1.50000000 -75.94460598 0.08919327     0.00000000
140.00000000 1.50000000 1.50000000 -75.97541625 0.32661065     0.00000000
120.00000000 1.50000000 1.50000000 -75.99756149 0.53649144     0.00000000
110.00000000 1.50000000 1.50000000 -76.00479811 0.62759414     0.00000000
104.52000000 1.50000000 1.50000000 -76.00757985 0.67294109     0.00000000
100.00000000 1.50000000 1.50000000 -76.00921559 0.70774249     0.00000000
80.000000000 1.50000000 1.50000000 -76.00887607 0.83265928     0.00000000
60.000000000 1.50000000 1.50000000 -75.99619696 0.92449462     0.00000000
50.000000000 1.50000000 1.50000000 -75.98774698 0.97276051     0.00000000
40.000000000 1.50000000 1.50000000 -75.98255600 0.99955015     0.00000000
50.000000000 1.70000000 1.70000000 -75.92753629 0.88314383     0.00000000
40.000000000 1.70000000 1.70000000 -75.92828113 0.98260985     0.00000000
60.00000000 1.70000000 1.70000000  -75.92230287 0.75761357     0.00000000
80.00000000 1.70000000 1.70000000  -75.93067794 0.64116010     0.00000000
100.00000000 1.70000000 1.70000000 -75.94362863 0.57058650     0.00000000
104.52000000 1.70000000 1.70000000 -75.94236354 0.53513467     0.00000000
110.00000000 1.70000000 1.70000000 -75.94029434 0.48908899     0.00000000
120.00000000 1.70000000 1.70000000 -75.93510853 0.39766236     0.00000000
140.00000000 1.70000000 1.70000000 -75.92011132 0.19815767     0.00000000
160.00000000 1.70000000 1.70000000 -75.90178311 0.01935245     0.00000000
170.00000000 1.70000000 1.70000000 -75.89397220 -0.02135838     0.00000000
180.00000000 1.70000000 1.70000000 -75.88906039 0.00000000     0.00000000
104.52000000 0.90000000 1.00000000 -76.19256167 0.73239969 -0.03076592
100.00000000 0.90000000 1.00000000 -76.19190860 0.77230080 -0.02765474
90.000000000 0.90000000 1.00000000 -76.18635510 0.82315796     -0.01877234
80.000000000 0.90000000 1.00000000 -76.17450490 0.86890318     -0.01069974
70.000000000 0.90000000 1.00000000 -76.15551963 0.91046333     -0.00362709
60.000000000 0.90000000 1.00000000 -76.12807574 0.94764593     0.00199069
50.000000000 0.90000000 1.00000000 -76.08886911 0.97771081     0.00542031
40.000000000 0.90000000 1.00000000 -76.02749139  0.99342664  0.00597653
110.00000000 0.90000000 1.00000000 -76.19195533 0.71493471     -0.03732919
120.00000000 0.90000000 1.00000000 -76.18738718 0.64939653     -0.04786111
140.00000000 0.90000000 1.00000000 -76.16894035 0.48613179     -0.07152377
160.00000000 0.90000000 1.00000000 -76.14812385 0.26804651     -0.09549319
170.00000000 0.90000000 1.00000000 -76.14125955 0.13815797     -0.10393324
180.00000000 0.90000000 1.00000000 -76.13878771 0.00000000     -0.10708665
170.00000000 0.90000000 1.10000000 -76.12357616 0.14174218 -0.21454343
160.00000000 0.90000000 1.10000000 -76.13108413 0.27402261 -0.19420948                                   
140.00000000 0.90000000 1.10000000 -76.15348369 0.49390151 -0.14046322
120.00000000 0.90000000 1.10000000 -76.17341522 0.65868844 -0.09127540
110.00000000 0.90000000 1.10000000 -76.17883312 0.72520280 -0.07007989
104.52000000 0.90000000 1.10000000 -76.17998584 0.75804008 -0.05929688
100.00000000 0.90000000 1.10000000 -76.17984144 0.78342210 -0.05079720
170.00000000 0.90000000 0.90000000 -76.14353763 0.13493503     0.00000000
180.00000000 0.90000000 0.90000000 -76.14126441 0.00000000     0.00000000
160.00000000 0.90000000 0.90000000 -76.14987816 0.26236644     0.00000000
140.00000000 0.90000000 0.90000000 -76.16925181 0.47773978     0.00000000
120.00000000 0.90000000 0.90000000 -76.18613596 0.63874253     0.00000000
110.00000000 0.90000000 0.90000000 -76.18978347 0.70300777     0.00000000
104.52000000 0.90000000 0.90000000 -76.18980545 0.73467153     0.00000000
100.00000000 0.90000000 0.90000000 -76.18861489 0.75918948     0.00000000
90.00000000  0.90000000 0.90000000 -76.18165150 0.80916844     0.00000000
80.00000000  0.90000000 0.90000000 -76.16800420 0.85455103     0.00000000
60.00000000  0.90000000 0.90000000 -76.11597080 0.93458228     0.00000000
50.00000000  0.90000000 0.90000000 -76.07162489  0.96632724     0.00000000
40.00000000  0.90000000 0.90000000 -76.00057944 0.98469227     0.00000000
60.00000000  0.70000000 0.70000000 -75.82541836 0.86190610     0.00000000
80.00000000  0.70000000 0.70000000 -75.90259262 0.78425076     0.00000000
100.00000000 0.70000000 0.70000000 -75.93802099 0.69848478     0.00000000
104.52000000 0.70000000 0.70000000 -75.94176646 0.67666668     0.00000000
110.00000000 0.70000000 0.70000000 -75.94454329 0.64838869     0.00000000
120.00000000 0.70000000 0.70000000 -75.94530168 0.59037250     0.00000000
140.00000000 0.70000000 0.70000000 -75.93534751 0.44150816     0.00000000
160.00000000 0.70000000 0.70000000 -75.92107841 0.24067599     0.00000000
180.00000000 0.70000000 0.70000000 -75.91459211 0.00000000     0.00000000
170.00000000 0.95000000 1.00000000 -76.14313828 0.13907792 -0.05290771
180.00000000 0.95000000 1.00000000 -76.14056650 0.00000000 -0.05463931
160.00000000 0.95000000 1.00000000 -76.15026168 0.26963465 -0.04832441
140.00000000 0.95000000 1.00000000 -76.17175857 0.48860125 -0.03565078
120.00000000 0.95000000 1.00000000 -76.19089076 0.65315634 -0.02351123
110.00000000 0.95000000 1.00000000 -76.19584687 0.71950766 -0.01818653
104.52       0.95000000 1.00000000 -76.19669683 0.75229007 -0.01546741
100.00000000 0.95000000 1.00000000 -76.19626696 0.77766780 -0.01332203
90.00000000  0.95000000 1.00000000 -76.19129733 0.82917334 -0.00887144
80.00000000  0.95000000 1.00000000 -76.18019048 0.87528784 -0.00483859
60.00000000  0.95000000 1.00000000 -76.13603718 0.95325395 0.00142434
50.00000000  0.95000000 1.00000000 -76.09870780  0.98148652  0.00300747
40.00000000  0.95000000 1.00000000 -76.03998906 0.99332306 0.00306581
35.00000000  0.95000000 1.00000000 -75.99361004  0.98916460  0.00254580
100.00000000 0.95000000 1.10000000 -76.18428700  0.78745139 -0.03614917
100.00000000 0.95000000 1.20000000 -76.16504901 0.79329223 -0.05191204
180.00000000 0.95000000 1.30000000 -76.07023077 0.00000000    -0.41485284
170.00000000 0.95000000 1.30000000 -76.07393366 0.14600682 -0.38767713
180.00000000 0.95000000 1.70000000 -75.97312690 0.00000000     0.90074781
180.00000000 0.95000000 2.00000000 -75.98185658 0.00000000     0.74073888
175.00000000 0.95000000 1.70000000 -75.97906379 -0.00841660 0.55527949
175.00000000 0.95000000 3.00000000 -76.00231855 0.02628608 0.68596458
180.00000000 0.95000000 3.00000000 -76.00136452 0.00000000     0.68668585
80.000000000 0.90000000 1.10000000 -76.16556082 0.88031723 -0.01711684
60.000000000 0.90000000 1.10000000 -76.12469926 0.95697981 0.00812831
50.000000000 0.90000000 1.10000000 -76.09069073 0.98624759 0.01477004
40.000000000 0.90000000 1.10000000 -76.03971275 1.00274967 0.01529082
50.00000000  0.90000000 1.30000000 -76.07387109 0.98278760 0.05024073
40.00000000  0.90000000 1.30000000 -76.03965328 1.00742113 0.05101454
100.00000000 0.90000000 1.30000000 -76.13838207 0.79138847 -0.07353319
104.52000000 0.90000000 1.30000000 -76.13766321 0.76564894 -0.08902216
110.00000000 0.90000000 1.30000000 -76.13561065 0.73217177 -0.10868408
120.00000000 0.90000000 1.30000000 -76.12884783 0.66432905 -0.14772254
140.00000000 0.90000000 1.30000000 -76.10645213 0.49906259 -0.24485837
160.00000000 0.90000000 1.30000000 -76.08044010 0.28207676 -0.37706780
170.00000000 0.90000000 1.30000000 -76.07105130 0.14798826 -0.44108779
180.00000000 0.90000000 1.30000000 -76.06750635 0.00000000    -0.46899655
140.00000000 0.80000000 1.30000000 -76.07380941 0.50604611 -0.32113616
120.00000000 0.80000000 1.30000000 -76.09539221 0.66704494 -0.20209167
110.00000000 0.80000000 1.30000000 -76.10176280 0.73205260 -0.15303805
100.00000000 0.80000000 1.30000000 -76.10408457 0.78841582 -0.10851123
180.00000000 0.80000000 1.30000000 -76.03682402 0.00000000    -0.57044333
170.00000000 0.80000000 1.30000000 -76.04011533 0.15158117 -0.54165272
160.00000000 0.80000000 1.30000000 -76.04892841 0.28843601 -0.47308521
80.00000000  0.80000000 1.30000000 -76.09418085 0.87856334 -0.02901733
60.00000000  0.80000000 1.30000000 -76.06138675 0.94569986 0.03652500
90.00000000  0.80000000 1.30000000 -76.10173577 0.83698237 -0.06733334
40.00000000  0.80000000 1.30000000 -75.99975110 1.00967065 0.07058754
40.00000000  0.80000000 0.90000000 -75.94832759 0.97907293 0.00435410
50.00000000  0.80000000 0.90000000 -76.02547427  0.95462431 0.00273532
60.00000000  0.80000000 0.90000000 -76.07405132 0.92003931 -0.00121903
80.00000000  0.80000000 0.90000000 -76.13129673 0.83910226 -0.01395370
100.00000000 0.80000000 0.90000000 -76.15505550 0.74581010 -0.03037414
104.52000000 0.80000000 0.90000000 -76.15678728 0.72195226 -0.03444895
30.000000000 0.80000000 2.00000000 -75.95604079  0.68027791  0.22187608
20.000000000 0.80000000 2.00000000 -75.94472793  0.65042882 0.19165585
10.000000000 0.80000000 2.00000000 -75.93527687  0.61343400 0.12246675
 0.000000000 0.80000000 2.00000000 -75.93136594  0.59306105 0.00000000
30.000000000 0.70000000 2.00000000 -75.86418471 0.64554516 0.21392322
20.000000000 0.70000000 2.00000000 -75.85445851  0.60721296  0.18060028
10.000000000 0.70000000 2.00000000 -75.84681472 0.56848831 0.10925681
 0.000000000 0.70000000 2.00000000 -75.84382217 0.55062550 0.00000000
110.00000000 0.80000000 0.90000000 -76.15735876 0.69112678 -0.03955530
120.00000000 0.80000000 0.90000000 -76.15465322 0.62840250 -0.04932027
140.00000000 0.80000000 0.90000000 -76.13932691 0.47016758 -0.07003473
160.00000000 0.80000000 0.90000000 -76.12124228 0.25770636 -0.08885268
180.00000000 0.80000000 0.90000000 -76.11321509 0.00000000    -0.09709667
160.00000000 0.80000000 0.80000000 -76.09341785 0.25127757     0.00000000
180.00000000 0.80000000 0.80000000 -76.08597264 0.00000000     0.00000000
170.00000000 0.80000000 0.80000000 -76.08793354 0.12889813     0.00000000
140.00000000 0.80000000 0.80000000 -76.11014472 0.45983172     0.00000000
120.00000000 0.80000000 0.80000000 -76.12369420 0.61522279     0.00000000
100.00000000 0.80000000 0.80000000 -76.12162339 0.72991509 0.00000000
80.00000000  0.80000000 0.80000000 -76.09407718 0.82132829     0.00000000
60.00000000  0.80000000 0.80000000 -76.03027860 0.90201887     0.00000000
40.00000000  1.00000000 1.10000000 -76.05599415 0.99741641 0.00743231
50.00000000  1.00000000 1.10000000 -76.10332535 0.99100269 0.00843831
60.00000000  1.00000000 1.10000000 -76.13428125 0.96606647 0.00592913
80.00000000  1.00000000 1.10000000 -76.17134868 0.89075857 -0.00604316
100.00000000 1.00000000 1.10000000 -76.18346575 0.79120489 -0.02264077
120.00000000 1.00000000 1.10000000 -76.17566969 0.66258850 -0.04286966
160.00000000 1.00000000 1.10000000 -76.13081059 0.27441681 -0.09804780
180.00000000 1.00000000 1.10000000 -76.11975313 0.00000000    -0.11485296
170.00000000 1.00000000 1.10000000 -76.12271631 0.14208434 -0.11007693
180.00000000 0.80000000 1.10000000 -76.09137086 0.00000000    -0.32061430
160.00000000 0.80000000 1.10000000 -76.10095705 0.27387205 -0.28466055
140.00000000 0.80000000 1.10000000 -76.12215984 0.49293604 -0.21223311
120.00000000 0.80000000 1.10000000 -76.14092614 0.65470482 -0.14222598
100.00000000 0.80000000 1.10000000 -76.14596907 0.77533060 -0.08270075
80.00000000  0.80000000 1.10000000 -76.12962735 0.86914297 -0.03221463
60.00000000  0.80000000 1.10000000 -76.08546951 0.94715035 0.00738387
40.00000000  0.80000000 1.10000000 -75.99754989 1.01062896 0.02463916
60.00000000  1.20000000 2.20000000 -75.98610727 0.69917705 0.28596043
80.00000000  1.20000000 2.20000000 -75.99115989 0.63045707 0.32344736
120.00000000 1.20000000 2.20000000 -75.98581912 0.37196932 0.45232919
40.00000000  1.20000000 1.20000000 -76.05171449 0.99372126     0.00000000
100.00000000 1.20000000 1.20000000 -76.13416394 0.79884583  0.00000000
140.00000000 1.20000000 1.20000000 -76.09926265 0.48304026     0.00000000
160.00000000 1.20000000 1.20000000 -76.07082933 0.26489123 0.00000000
180.00000000 1.20000000 1.20000000 -76.05575450 0.00000000     0.00000000
60.00000000  1.20000000 1.20000000 -76.10212495 0.97734146     0.00000000
80.00000000  1.20000000 1.20000000 -76.12796431 0.90455305     0.00000000
120.00000000 1.20000000 1.20000000 -76.12312567 0.65905199     0.00000000
170.00000000 1.20000000 1.20000000 -76.05999403 0.13728653     0.00000000
60.00000000  0.90000000 1.50000000 -76.06848103 0.91234292 0.09141725
40.00000000  0.90000000 1.50000000 -76.02573284 0.96059279 0.11678567
80.00000000  0.90000000 1.50000000 -76.09072173 0.85679335 0.02884237
100.00000000 0.90000000 1.50000000 -76.09492424 0.76422103 -0.04391672
120.00000000 0.90000000 1.50000000 -76.08360912 0.63246343 -0.12283387
140.00000000 0.90000000 1.50000000 -76.06006610 0.46531067 -0.22542087
160.00000000 0.90000000 1.50000000 -76.03003101 0.26462797 -0.42702412
180.00000000 0.90000000 1.50000000 -76.01137364 0.00000000    -0.71951771
40.00000000  0.80000000 1.00000000 -75.98183897 0.99633931 0.01200892
60.00000000  0.80000000 1.00000000 -76.08767390 0.93590649 0.00095841
80.00000000  0.80000000 1.00000000 -76.13823515 0.85565768 -0.02503414
100.00000000 0.80000000 1.00000000 -76.15820797 0.76153368 -0.05854857
120.00000000 0.80000000 1.00000000 -76.15539711 0.64213794 -0.09772836
140.00000000 0.80000000 1.00000000 -76.13830395 0.48168269 -0.14211201
160.00000000 0.80000000 1.00000000 -76.11872327 0.26545670 -0.18482848
170.00000000 0.80000000 1.00000000 -76.11229959 0.13671003 -0.19924695
180.00000000 0.80000000 1.00000000 -76.10999387 0.00000000    -0.20454552
 60.0000  0.70000  0.90000   -75.97486141    0.90614213   -0.00501993
 80.0000  0.70000  0.90000   -76.03633903    0.82432686   -0.03050824
100.0000  0.70000  0.90000   -76.06299591    0.73367830   -0.06219874
120.0000  0.70000  0.90000   -76.06457041    0.61972909   -0.09792408
140.0000  0.70000  0.90000   -76.05069176    0.46448196   -0.13577169
160.0000  0.70000  0.90000   -76.03370345    0.25457283   -0.16883335
180.0000  0.70000  0.90000   -76.02613921    0.00000000   -0.18288169
 40.0000  1.00000  1.30000   -76.05177904    1.00266835    0.03406570
 50.0000  1.00000  1.30000   -76.08383995 0.98866920 0.03988669
 60.0000  1.00000  1.30000   -76.10689973    0.96381535    0.03404153
 80.0000  1.00000  1.30000   -76.13511246    0.89382652    0.00134556
100.0000  1.00000  1.30000   -76.14243296    0.79422071   -0.04326621
120.0000  1.00000  1.30000   -76.13208240    0.66135310   -0.09699922
140.0000  1.00000  1.10000   -76.15457081 0.49492243 -0.06830106
140.0000  1.00000  1.30000   -76.10890761    0.49146673   -0.16934388
160.0000  1.00000  1.30000   -76.08163306    0.27483377   -0.27586367
170.0000  1.00000  1.30000   -76.07151341    0.14379228   -0.33260540
180.0000  1.00000  1.30000   -76.06762676    0.00000000   -0.35876194
180.0000  1.00000  1.20000   -76.09513617 0.00000000    -0.23527936
140.0000  1.00000  1.20000   -76.13289067 0.49595117 -0.12755788
120.0000  1.00000  1.20000   -76.15513620 0.66494453 -0.07688108
160.0000  1.00000  1.20000   -76.10744225    0.27622218   -0.19312424
100.0000  1.00000  1.20000   -76.16433094    0.79575975   -0.03800392
 80.0000  1.00000  1.20000   -76.15471091    0.89564207   -0.00611766
 60.0000  1.00000  1.20000   -76.12222644    0.96864262    0.01689485
 50.0000  1.00000  1.20000   -76.09544479 0.99311247 0.02126524
 40.0000  1.00000  1.20000   -76.05626133    1.00144284    0.01813284
 30.0000  1.00000  1.20000   -75.98478583 0.97873165 0.00898622
180.0000  1.00000  1.50000   -76.01255469 0.00000000    -0.60223873
170.0000  1.00000  1.50000   -76.01891405    0.12946657   -0.47519218
160.0000  1.00000  1.50000   -76.03294375    0.24497243   -0.30743630
140.0000  1.00000  1.50000   -76.06386461    0.44975438   -0.14662322
120.0000  1.00000  1.50000   -76.08773822    0.62467095   -0.07073044
100.0000  1.00000  1.50000   -76.09942190    0.76404065   -0.01160493
 80.0000  1.00000  1.50000   -76.09592623    0.86316718    0.04408007
 60.0000  1.00000  1.50000   -76.07514999    0.92465287    0.08901788
 40.0000  1.00000  1.50000   -76.03573565    0.97702950    0.08840954
 60.0000  0.90000  1.30000   -76.09900896    0.95496861    0.03696811
 80.0000  0.90000  1.30000   -76.12972555    0.88630864   -0.01142552
 40.0000  1.10000  1.30000   -76.05059656    0.99760700    0.02036098
 50.0000  1.10000  1.30000   -76.07921364 0.99326051 0.02849595
 60.0000  1.10000  1.30000   -76.09975161    0.97070773    0.02743569
 80.0000  1.10000  1.30000   -76.12522524    0.89931104    0.00833231
100.0000  1.10000  1.30000   -76.13118531    0.79534214   -0.01947974
120.0000  1.10000  1.30000   -76.12009924    0.65676497   -0.05293306
140.0000  1.10000  1.30000   -76.09624936    0.48206170   -0.09909268
160.0000  1.10000  1.30000   -76.06762518    0.26560397   -0.17387855
180.0000  1.10000  1.30000   -76.05222399    0.00000000   -0.24193730
 80.0000  0.60000  1.00000   -75.83550167    0.83319407   -0.06278946
100.0000  0.60000  1.00000   -75.85969237    0.74472788   -0.12567969
120.0000  0.60000  1.00000   -75.85987653    0.63272736   -0.19561838
140.0000  0.60000  1.00000   -75.84505286    0.47791717   -0.27024976
 80.0000  0.60000  0.90000   -75.82791507    0.81174370   -0.04972996
100.0000  0.60000  0.90000   -75.85697120    0.72394123   -0.09499060
120.0000  0.60000  0.90000   -75.86025151    0.61360271   -0.14465658
140.0000  0.60000  0.90000   -75.84757520    0.46129209   -0.19574755
180.0000  0.70000  1.00000   -76.02213542    0.00000000   -0.29101903
170.0000  0.70000  1.00000   -76.02431486    0.13599092   -0.28426361
160.0000  0.70000  1.00000   -76.03039523    0.26409210   -0.26567066
140.0000  0.70000  1.00000   -76.04894027    0.47873832   -0.20886699
120.0000  0.70000  1.00000   -76.06478550    0.63629285   -0.14738615
100.0000  0.70000  1.00000   -76.06598145    0.75195766   -0.09139553
 80.0000  0.70000  1.00000   -76.04368472    0.84324586   -0.04236194
 60.0000  0.70000  1.00000   -75.98990902    0.92498948   -0.00261765
 40.0000  0.70000  1.00000   -75.88469582    1.00255293    0.01890047
170.0000  0.90000  1.70000   -75.98140546    0.04534494    0.27624544
 80.0000  0.90000  1.70000   -76.05824273    0.79114674    0.10117765
160.0000  0.90000  1.70000   -75.99761983    0.15410691    0.10695072
175.0000  0.90000  1.70000   -75.97361773 -0.00070909 0.51136795
180.0000  0.90000  1.70000   -75.96747805    0.00000000    0.89876292
140.0000  0.90000  1.70000   -76.02676193 0.36581093 0.01785896
120.0000  0.90000  1.70000   -76.04825580    0.55053568    0.01362564
100.0000  0.90000  1.70000   -76.05943119    0.69531233    0.04718992
 80.0000  0.90000  1.70000   -76.05824273    0.79114680    0.10117755
 60.0000  0.90000  1.70000   -76.04294753    0.83652810    0.15812957
 40.0000  0.90000  1.70000   -76.01195845    0.85791476    0.19128558
180.0000  0.70000  0.80000   -75.99977820    0.00000000   -0.08544388
160.0000  0.70000  0.80000   -76.00675323    0.24662886   -0.07957515
140.0000  0.70000  0.80000   -76.02230188    0.45172819   -0.06524974
120.0000  0.70000  0.80000   -76.03417745    0.60396694   -0.04807876
100.0000  0.70000  0.80000   -76.02972194    0.71535818   -0.03130772
 80.0000  0.70000  0.80000   -75.99860948    0.80409049   -0.01617433
 60.0000  0.70000  0.80000   -75.92910659    0.88424775   -0.00395489
180.0000  0.70000  1.10000   -76.00281526 0.00000000    -0.40815901
160.0000  0.70000  1.10000   -76.01190759    0.27458759   -0.36693351
140.0000  0.70000  1.10000   -76.03211541    0.49306711   -0.28059761
120.0000  0.70000  1.10000   -76.04980820    0.65190061   -0.19344920
100.0000  0.70000  1.10000   -76.05354837    0.76841613   -0.11703670
 80.0000  0.70000  1.10000   -76.03536681    0.85899901   -0.05071336
 60.0000  0.70000  1.10000   -75.98870637    0.93821629    0.00393951
 40.0000  0.70000  1.10000   -75.90161639    1.01967672    0.03554778
180.0000  1.20000  1.30000   -76.02942458 0.00000000    -0.12123482
160.0000  1.20000  1.30000   -76.04668722    0.25280062   -0.07801240
140.0000  1.20000  1.30000   -76.07669179    0.46930565   -0.04001488
120.0000  1.20000  1.30000   -76.10104235    0.64896157   -0.01914918
110.0000  1.20000  1.30000   -76.10874118 0.72549677 -0.01131829
100.0000  1.20000  1.30000   -76.11273207    0.79305085   -0.00426023
 80.0000  1.20000  1.30000   -76.10809535    0.90092362    0.00833747
 60.0000  1.20000  1.30000   -76.08539560    0.97406052    0.01643127
 50.0000  1.20000  1.30000   -76.06753484 0.99601593 0.01556557
 40.0000  1.20000  1.30000   -76.04327316    0.99417046    0.00944093
180.0000  0.80000  1.50000   -75.97968419 0.00000000    -0.82783761
170.0000  0.80000  1.50000   -75.98478328 0.15517485 -0.72303363
160.0000  0.80000  1.50000   -75.99699960    0.28195770   -0.54158663
140.0000  0.80000  1.50000   -76.02614063    0.48030506   -0.30739899
120.0000  0.80000  1.50000   -76.04927056    0.64020010   -0.17996735
100.0000  0.80000  1.50000   -76.06017338    0.76454405   -0.08179690
 80.0000  0.80000  1.50000   -76.05531954    0.85070460    0.00806665
 60.0000  0.80000  1.50000   -76.03195124    0.90029385    0.08915796
 40.0000  0.80000  1.50000   -75.98733891    0.93830114    0.14389049
 30.0000  0.80000  1.50000   -75.95642192 0.97837423 0.15237567
180.0000  1.00000  1.70000   -75.97360793 0.00000000     0.89878528
175.0000  1.00000  1.70000   -75.97933919 -0.01540075 0.59188492
160.0000  1.00000  1.70000   -76.00271375    0.13385467    0.19341376
140.0000  1.00000  1.70000   -76.03164844    0.35189878    0.08122772
120.0000  1.00000  1.70000   -76.05305378    0.54383242    0.06040663
 60.0000  1.00000  1.70000   -76.04868511    0.85144170    0.16021650
 40.0000  1.00000  1.70000   -76.01938513    0.89509805    0.16521159
100.0000  1.00000  1.70000   -76.06428249    0.69566686    0.07926868
 80.0000  1.00000  1.70000   -76.06336300    0.79804202    0.11915230
 80.0000  0.90000  2.00000   -76.02598185    0.67343562    0.22104524
100.0000  0.90000  2.00000   -76.02529700    0.56853392    0.22634711
120.0000  0.90000  2.00000   -76.01757589    0.41627402    0.28023429
140.0000  0.90000  2.00000   -76.00500190    0.24075847    0.41253098
160.0000  0.90000  2.00000   -75.99170003    0.08737503    0.63022411
180.0000  0.90000  2.00000   -75.98425243    0.00000000    0.78598226
180.0000  1.30000  1.50000   -75.95194753 0.00000000    -0.22328171
179.0000  1.30000  1.50000   -75.95214326 -0.00578408 -0.21658075
175.0000  1.30000  1.50000   -75.95595550  0.00160909 -0.13283273
170.0000  1.30000  1.50000   -75.96376455 0.04948298 -0.05899695
160.0000  1.30000  1.50000   -75.98137429    0.16465712   -0.00307768
140.0000  1.30000  1.50000   -76.01390514    0.38986348    0.01788623
120.0000  1.30000  1.50000   -76.03771933    0.58758274    0.02386867
100.0000  1.30000  1.50000   -76.04991295    0.74800517    0.03316947
 80.0000  1.30000  1.50000   -76.04852959    0.86483902    0.04602253
 60.0000  1.30000  1.50000   -76.03296081    0.94470854    0.05329129
 40.0000  1.30000  1.50000   -76.00953241    0.99572355    0.02350643
180.0000  1.10000  1.50000   -75.99824862 0.00000000    -0.47834190
160.0000  1.10000  1.50000   -76.02087079    0.22227491   -0.18954846
140.0000  1.10000  1.50000   -76.05258140    0.43280207   -0.07579506
120.0000  1.10000  1.50000   -76.07664960    0.61559577   -0.02660142
100.0000  1.10000  1.50000   -76.08862568    0.76243008    0.01336903
 80.0000  1.10000  1.50000   -76.08586045    0.86794350    0.05280544
 60.0000  1.10000  1.50000   -76.06677880    0.93539597    0.08206253
 40.0000  1.10000  1.50000   -76.03200379    0.98732979    0.06229703
180.0000  1.20000  1.50000   -75.97656687 0.00000000    -0.35077957
170.0000  1.20000  1.50000   -75.98567367 0.08443372 -0.19092546
160.0000  1.20000  1.50000   -76.00210643    0.19576962   -0.08330863
100.0000  1.20000  1.50000   -76.07063318    0.75768836    0.02901284
 80.0000  1.20000  1.50000   -76.06858471    0.86917095    0.05386747
140.0000  1.20000  1.50000   -76.03440415    0.41331607   -0.01865769
120.0000  1.20000  1.50000   -76.05847487    0.60378477    0.00619289
 60.0000  1.20000  1.50000   -76.05128679    0.94272945    0.07033865
 40.0000  1.20000  1.50000   -76.02204103    0.99287693    0.04047864
170.0000  0.90000  1.50000   -76.01699472    0.14377524   -0.60513064
175.0000  0.90000  1.50000   -76.01286756    0.07423298   -0.68612680
170.0000  1.00000  1.70000   -75.98678606    0.02517372    0.37598380
170.0000  1.00000  1.75000   -75.98619630    0.01915811    0.57335541
 40.0000  0.90000  0.95000   -76.01635041    0.98880162    0.00268264
 60.0000  0.90000  0.95000   -76.12464589    0.94143817    0.00053904
 80.0000  0.90000  0.95000   -76.17389514    0.86197790   -0.00581373
100.0000  0.90000  0.95000   -76.19289973    0.76588200   -0.01426775
104.5200  0.90000  0.95000   -76.19381935    0.74108839   -0.01639276
110.0000  0.90000  0.95000   -76.19350205    0.70906627   -0.01907510
120.0000  0.90000  0.95000   -76.18938815    0.64412769   -0.02428040
140.0000  0.90000  0.95000   -76.17171764    0.48191417   -0.03579814
160.0000  0.90000  0.95000   -76.15164043    0.26511866   -0.04709917
170.0000  0.90000  0.95000   -76.14505098    0.13647990   -0.05096875
 50.0000  0.90000  0.95000   -76.08281636    0.97220740    0.00229989
180.0000  0.90000  0.95000   -76.14268422 0.00000000    -0.05239814
175.0000  0.90000  0.95000   -76.14328433 0.06876870 -0.05203342
 60.0000  0.90000  2.00000   -76.01828010    0.72259786    0.23423799
 40.0000  0.90000  2.00000   -76.00135442    0.72853949    0.23497560
 30.0000  0.90000  2.00000   -75.98963742 0.72249226 0.22298904
 20.0000  0.90000  2.00000   -75.97671637    0.70735370    0.19778684
 10.0000  0.90000  2.00000   -75.96499507  0.67406751 0.13961731
  0.0000  0.90000  2.00000   -75.95962476    0.64570525    0.00000000
  0.0000  0.95000  2.00000   -75.96117915  0.67445533 0.00000000
  0.0000  0.90000  1.90000  -75.94630222  0.61345288     0.00000000
  5.0000  0.90000  1.90000  -75.94900971  0.64693169  0.12972948
 10.0000  0.90000  1.90000  -75.95535389 0.69571222 0.18533201
  0.0000  0.90000  2.10000   -75.86337867    1.35317783   -0.00000001
  0.0000  0.90000  2.50000   -75.98951298    0.69972165    0.00000000
  0.0000  0.90000  3.00000   -75.99616734    0.69350730    0.00000000
  0.0000  1.00000  2.00000   -75.95756848    0.70204646    0.00000000
  5.0000  0.90000  2.00000   -75.96108822    0.65458797    0.08231495
  5.0000  1.00000  2.00000   -75.96004775    0.72870779    0.11630697
 50.0000  1.10000  1.50000   -76.05136062    0.96232649    0.08166591
 30.0000  1.10000  1.50000   -76.00369783    0.99181312    0.02833941
110.0000  1.10000  1.50000   -76.08433642    0.69392250   -0.00644898
170.0000  1.10000  1.50000   -76.00568832    0.11046853   -0.33524692
175.0000  1.10000  1.50000   -76.00031923   0.05449100 -0.43041680
 80.0000  0.75000  0.85000   -76.08004430    0.82207942   -0.01516198
140.0000  0.75000  0.85000   -76.09567740    0.46100173   -0.06797117
100.0000  0.75000  0.85000   -76.10736480    0.73085874   -0.03102464
120.0000  0.75000  0.85000   -76.10930990    0.61635675   -0.04897966
160.0000  0.75000  0.85000   -76.07888520    0.25210436   -0.08446714
170.0000  0.75000  0.85000   -76.07337928    0.12935622   -0.08960369
180.0000  0.75000  0.85000   -76.07141045    0.00000000   -0.09143556
 80.0000  1.10000  1.70000   -76.05320066    0.80344370    0.13021215
100.0000  1.10000  1.70000   -76.05383964    0.69458152    0.10354896
 60.0000  1.10000  1.70000   -76.03931730    0.86541265    0.15658989
120.0000  1.10000  1.70000   -76.04261938    0.53601822    0.09830248
 40.0000  1.10000  1.70000   -76.01292957    0.92910779    0.13405482
140.0000  1.10000  1.70000   -76.02141502    0.33747529    0.13382610
 80.0000  1.30000  1.70000   -76.01575070    0.80121487    0.12634502
100.0000  1.30000  1.70000   -76.01586797    0.68079259    0.12065606
120.0000  1.30000  1.70000   -76.00493630    0.51101001    0.13513839
140.0000  1.30000  1.70000   -75.98462958    0.30254317    0.18788032
160.0000  1.30000  1.70000   -75.95745437    0.07538077    0.32740239
170.0000  1.30000  1.70000   -75.94312807 -0.02200501 0.48968078
175.0000  1.30000  1.70000   -75.93705804 -0.04131457 0.61993563
100.0000  0.70000  1.20000   -76.03378598    0.78089738   -0.13660735
120.0000  0.70000  1.20000   -76.02780155    0.66431898   -0.23205465
 80.0000  0.70000  1.20000   -76.01938501    0.86949925   -0.05414116
140.0000  0.70000  1.20000   -76.00843752    0.50552297   -0.34535246
 40.0000  0.80000  1.20000   -76.00199891    1.01695766    0.04378110
 60.0000  0.80000  1.20000   -76.07524240    0.95125495    0.01895970
 80.0000  0.80000  1.20000   -76.11346240    0.87753514   -0.03411652
100.0000  0.80000  1.20000   -76.12642805    0.78513004   -0.10040398
120.0000  0.80000  1.20000   -76.11940695    0.66394423   -0.17881087
140.0000  0.80000  1.20000   -76.09912487    0.50198325   -0.27471004
160.0000  0.80000  1.20000   -76.07616335    0.28202139   -0.38344721
180.0000  0.80000  1.20000   -76.06549552    0.00000000   -0.44331373
150.0000  0.80000  1.20000   -76.08711027    0.40040614   -0.32928885
170.0000  0.80000  1.20000   -76.06835186    0.14674556   -0.42641660
100.0000  0.85000  0.95000   -76.18121034    0.75977706   -0.02927312
104.5200  0.85000  0.95000   -76.18237688    0.73532682   -0.03347459
110.0000  0.85000  0.95000   -76.18233021    0.70373947   -0.03876504
120.0000  0.85000  0.95000   -76.17864734    0.63959717   -0.04898246
140.0000  0.85000  0.95000   -76.16171048    0.47873203   -0.07127465
160.0000  0.85000  0.95000   -76.14228515    0.26314099   -0.09258118
100.0000  0.75000  0.75000   -76.04953852    0.71426878    0.00000001
120.0000  0.75000  0.75000   -76.05414668    0.60273289    0.00000000
 80.0000  0.75000  0.75000   -76.01815595    0.80311892    0.00000000
140.0000  0.75000  0.75000   -76.04237374    0.45050472    0.00000000
 80.0000  0.85000  0.85000   -76.14138573    0.83858510    0.00000000
140.0000  0.85000  0.85000   -76.14977602    0.46907591    0.00000000
100.0000  0.85000  0.85000   -76.16533488    0.74503593    0.00000000
120.0000  0.85000  0.85000   -76.16503577    0.62739677    0.00000000
160.0000  0.85000  0.85000   -76.13174877    0.25690088    0.00000000
180.0000  0.85000  0.85000   -76.12375000    0.00000000    0.00000000
 60.0000  0.85000  0.85000   -76.08366486    0.91932872    0.00000001
 40.0000  0.85000  0.85000   -75.95455868    0.97555839    0.00000000
60.00000  0.75000  0.85000   -76.01684877 0.90308667 -0.00262152
 80.0000  0.85000  0.95000   -76.16076112    0.85482650   -0.01248301
 60.0000  0.85000  0.95000   -76.10910528    0.93494181    0.00030607
 40.0000  0.85000  0.95000   -75.99632161    0.98780176    0.00518138
 80.0000  1.10000  1.20000   -76.14497326    0.90215993    0.00026351
100.0000  1.10000  1.20000   -76.15285426    0.79910217   -0.01492982
120.0000  1.10000  1.20000   -76.14266581    0.66368659   -0.03354194
140.0000  1.10000  1.20000   -76.11953182    0.49115828   -0.05857416
160.0000  1.10000  1.20000   -76.09263746    0.27192622   -0.09401383
180.0000  1.10000  1.20000   -76.07914155    0.00000000   -0.11984369
 60.0000  1.10000  1.20000   -76.11581386    0.97490565    0.01072195
 50.0000  1.10000  1.20000   -76.09199136 0.99636445 0.01181177
 40.0000  1.10000  1.20000   -76.05704729    0.99602601    0.00860653
 80.0000  1.00000  2.00000   -76.03104830    0.68278090    0.24102937
100.0000  1.00000  2.00000   -76.03039063    0.57400977    0.25370097
 80.0000  0.80000  1.70000   -76.02288018    0.78464981    0.07750464
100.0000  0.80000  1.70000   -76.02431600    0.69513421    0.00916535
120.0000  0.80000  1.70000   -76.01324056    0.55737918   -0.03930033
140.0000  0.80000  1.70000   -75.99174138    0.38002502   -0.05223365
 60.0000  0.80000  1.70000   -76.00718663    0.82257524    0.15055180
 40.0000  0.80000  1.70000   -75.97568946    0.82176907    0.20870905
 50.0000  0.80000  1.70000   -75.99348513    0.82514619    0.18269293
 30.0000  0.80000  1.70000   -75.95391842    0.81733241    0.22826928
 80.0000  1.20000  2.00000   -76.00342150    0.69168029    0.26037500
100.0000  1.20000  2.00000   -76.00284527    0.57587709    0.28442190
 80.0000  0.90000  1.20000   -76.14915967    0.88683431   -0.01790619
100.0000  0.90000  1.20000   -76.16050246    0.79056828   -0.06708432
120.0000  0.90000  1.20000   -76.15238599    0.66454834   -0.12630461
140.0000  0.90000  1.20000   -76.13111591    0.49912186   -0.20105786
160.0000  0.90000  1.20000   -76.10698843    0.27925317   -0.29096437
180.0000  0.90000  1.20000   -76.09560352    0.00000000   -0.34379349
 40.0000  0.90000  1.20000   -76.04262681    1.00900436    0.02973742
 60.0000  0.90000  1.20000   -76.11357398    0.96023344    0.01944983
 50.0000  0.90000  1.20000   -76.08431733    0.98902163    0.02933073
 30.0000  0.90000  1.20000   -75.97475233    1.01121583    0.02085279
 60.0000  1.20000  1.70000   -76.02285577    0.87622612    0.14699950
120.0000  1.20000  1.70000   -76.02507960    0.52561827    0.12429124
 40.0000  1.20000  1.70000   -76.00039167    0.95638117    0.10220957
 80.0000  1.20000  1.70000   -76.03584505    0.80525295    0.13304712
100.0000  1.20000  1.70000   -76.03620941    0.69026284    0.11802925
140.0000  1.20000  1.70000   -76.00422533    0.32143971    0.17109445
 40.0000  1.20000  1.70000   -76.00039167    0.95638123    0.10220970
170.0000  0.70000  1.50000   -75.89374859 0.16481254 -0.82786951
170.0000  0.70000  1.30000   -75.95020097 0.15507931 -0.63238381
175.0000  0.70000  1.30000   -75.94788774 0.07868898 -0.65396336
170.0000  0.70000  1.10000   -76.00522379 0.14201244 -0.39697610
175.0000  0.70000  1.10000   -76.00342638 0.07165219 -0.40530127
175.0000  0.80000  1.30000   -76.03766583 0.07689747 -0.56288881
175.0000  0.80000  1.10000   -76.09201680 0.07145111 -0.31808949
175.0000  0.95000  1.50000   -76.01621719 0.07053482 -0.62601981
175.0000  1.00000  1.50000   -76.01427254 0.06619619  -0.56332853
180.0000  0.95000  1.50000   -76.01462278 0.00000000    -0.66186660
170.0000  0.95000  1.50000   -76.02058007 0.13708096 -0.54158011
180.0000  0.95000  1.40000   -76.04198977 0.00000000    -0.53978361
180.0000  1.00000  1.40000   -76.03966187 0.00000000     0.75626250
175.0000  0.95000  1.40000   -76.04316156 0.07384178 -0.52495530     
170.0000  0.95000  1.40000   -76.04649403  0.14487911 -0.48607783
170.0000  1.00000  1.40000   -76.04441700 0.14067899 -0.42803567
170.0000  1.05000  1.40000   -76.03861164 0.13585009 -0.36855484
 10.0000  0.90000  2.20000   -75.97919639 0.68511699 0.08948227
 10.0000  0.90000  2.80000   -75.99493114  0.69400612 0.05346410
 10.0000  0.90000  2.50000   -75.99031425  0.69633018 0.06204136
 10.0000  0.90000  3.10000   -75.99673548 0.68673982 0.05121843
 10.0000  0.90000  3.50000   -75.99750677 0.67632413 0.05145542
 10.0000  0.95000  2.20000   -75.98238479 0.71330098 0.09262117
 10.0000  1.00000  2.20000   -75.98034142 0.74379026 0.09615336
 60.0000  1.30000  1.70000   -76.00365874 0.88137800 0.13109761
 40.0000  1.30000  1.70000   -75.98568978 0.97542849 0.07329143
100.0000  1.10000  2.00000   -76.02019957 0.57707676 0.27382419
