,theta,r1,r2,energy
0,105.0,1.08,0.95,-76.18745754
1,103.0,0.93,0.93,-76.19594428
2,105.0,0.97,0.95,-76.19794847
3,103.0,0.98,0.98,-76.19751433
4,103.0,1.01,1.01,-76.19420986
5,103.0,1.03,1.03,-76.19061702
6,103.0,0.95,0.95,-76.19778793
7,105.0,0.95,0.95,-76.19790119
8,101.0,0.95,0.95,-76.19746345
9,106.0,0.95,0.95,-76.19788078
10,106.0,0.93,0.95,-76.19701686
11,112.0,0.93,0.95,-76.19598659
12,102.0,0.91,0.95,-76.19479893
13,108.0,0.91,0.95,-76.19508349
14,112.0,0.91,0.95,-76.19427885
15,106.0,0.91,0.98,-76.19492313
16,102.0,0.91,0.98,-76.19466116
17,104.3054,0.9587,0.9587,-76.19813326
18,111.0,0.95,0.95,-76.19704465
19,105.5,0.95,0.95,-76.19789731
20,109.0,0.95,0.95,-76.19752219
21,104.385,0.95877,0.95877,-76.19813567
22,104.0,0.96,0.96,-76.19813603
23,104.0,1.03,0.95,-76.19412859
24,104.3618,0.95896,0.95896,-76.19813722
25,107.0,0.965,0.965,-76.19797274
26,104.305,0.962,0.962,-76.19814929
27,104.305,0.953,0.953,-76.19800521
28,109.0,1.0,1.0,-76.1947781
29,104.2,0.93,0.93,-76.19608881
30,115.0,0.95,0.95,-76.19555241
31,125.0,0.95,0.95,-76.18908924
32,130.0,0.95,0.95,-76.18467784
33,135.0,0.95,0.95,-76.17970487
34,140.0,0.95,0.95,-76.17436037
35,145.0,0.95,0.95,-76.16885114
36,150.0,0.95,0.95,-76.16339858
37,155.0,0.95,0.95,-76.1582342
38,175.0,0.95,0.95,-76.14491096
39,180.0,0.95,0.95,-76.14428613
40,100.0,0.95,0.95,-76.19721988
41,95.0,0.95,0.95,-76.19515584
42,90.0,0.95,0.95,-76.191609
43,85.0,0.95,0.95,-76.18648273
44,80.0,0.95,0.95,-76.17967884
45,75.0,0.95,0.95,-76.17108921
46,70.0,0.95,0.95,-76.16058045
47,65.0,0.95,0.95,-76.14796536
48,55.0,0.95,0.95,-76.11502645
49,50.0,0.95,0.95,-76.09329326
50,45.0,0.95,0.95,-76.06609269
51,130.0,0.9,0.9,-76.17883043
52,150.0,0.9,0.9,-76.15901398
53,104.52,0.957228,0.957228,-76.19811685
54,150.0,0.957228,0.957228,-76.16310949
55,180.0,0.95723,0.95723,-76.14378855
56,170.0,0.957228,0.957228,-76.1462815
57,104.52,0.7408478,0.7408478,-76.03563308
58,104.52,1.37586,1.37586,-76.05744076
59,104.52,1.0,1.0,-76.19556415
60,100.0,1.0,1.0,-76.19535477
61,90.0,1.0,1.0,-76.19096769
62,80.0,1.0,1.0,-76.1806113
63,70.0,1.0,1.0,-76.16357797
64,60.0,1.0,1.0,-76.13880547
65,50.0,1.0,1.0,-76.10353071
66,40.0,1.0,1.0,-76.04820253
67,110.0,1.0,1.0,-76.19447507
68,120.0,1.0,1.0,-76.18914083
69,130.0,1.0,1.0,-76.18034574
70,140.0,1.0,1.0,-76.16933187
71,160.0,1.0,1.0,-76.14711674
72,170.0,1.1,1.1,-76.10641402
73,160.0,1.1,1.1,-76.11524685
74,120.0,1.1,1.1,-76.16270081
75,100.0,1.1,1.1,-76.17177325
76,80.0,1.1,1.1,-76.16181795
77,70.0,1.1,1.1,-76.14842058
78,60.0,1.1,1.1,-76.12873634
79,50.0,1.3,1.3,-76.05275591
80,90.0,1.3,1.3,-76.09191624
81,100.0,1.3,1.3,-76.09154243
82,120.0,1.3,1.3,-76.07943022
83,140.0,1.3,1.3,-76.05483483
84,170.0,1.3,1.3,-76.00977761
85,180.0,1.3,1.3,-76.00367246
86,170.0,1.5,1.5,-75.92666863
87,140.0,1.5,1.5,-75.97541625
88,120.0,1.5,1.5,-75.99756149
89,104.52,1.5,1.5,-76.00757985
90,100.0,1.5,1.5,-76.00921559
91,80.0,1.5,1.5,-76.00887607
92,60.0,1.5,1.5,-75.99619696
93,50.0,1.5,1.5,-75.98774698
94,40.0,1.5,1.5,-75.982556
95,50.0,1.7,1.7,-75.92753629
96,40.0,1.7,1.7,-75.92828113
97,80.0,1.7,1.7,-75.93067794
98,100.0,1.7,1.7,-75.94362863
99,104.52,1.7,1.7,-75.94236354
100,110.0,1.7,1.7,-75.94029434
101,140.0,1.7,1.7,-75.92011132
102,160.0,1.7,1.7,-75.90178311
103,180.0,1.7,1.7,-75.88906039
104,104.52,0.9,1.0,-76.19256167
105,100.0,0.9,1.0,-76.1919086
106,90.0,0.9,1.0,-76.1863551
107,60.0,0.9,1.0,-76.12807574
108,50.0,0.9,1.0,-76.08886911
109,110.0,0.9,1.0,-76.19195533
110,120.0,0.9,1.0,-76.18738718
111,140.0,0.9,1.0,-76.16894035
112,170.0,0.9,1.0,-76.14125955
113,170.0,0.9,1.1,-76.12357616
114,160.0,0.9,1.1,-76.13108413
115,140.0,0.9,1.1,-76.15348369
116,120.0,0.9,1.1,-76.17341522
117,170.0,0.9,0.9,-76.14353763
118,180.0,0.9,0.9,-76.14126441
119,160.0,0.9,0.9,-76.14987816
120,140.0,0.9,0.9,-76.16925181
121,120.0,0.9,0.9,-76.18613596
122,110.0,0.9,0.9,-76.18978347
123,104.52,0.9,0.9,-76.18980545
124,90.0,0.9,0.9,-76.1816515
125,80.0,0.9,0.9,-76.1680042
126,60.0,0.9,0.9,-76.1159708
127,40.0,0.9,0.9,-76.00057944
128,80.0,0.7,0.7,-75.90259262
129,100.0,0.7,0.7,-75.93802099
130,104.52,0.7,0.7,-75.94176646
131,110.0,0.7,0.7,-75.94454329
132,120.0,0.7,0.7,-75.94530168
133,160.0,0.7,0.7,-75.92107841
134,180.0,0.7,0.7,-75.91459211
135,160.0,0.95,1.0,-76.15026168
136,140.0,0.95,1.0,-76.17175857
137,120.0,0.95,1.0,-76.19089076
138,104.52,0.95,1.0,-76.19669683
139,100.0,0.95,1.0,-76.19626696
140,90.0,0.95,1.0,-76.19129733
141,80.0,0.95,1.0,-76.18019048
142,60.0,0.95,1.0,-76.13603718
143,35.0,0.95,1.0,-75.99361004
144,100.0,0.95,1.1,-76.184287
145,180.0,0.95,1.7,-75.9731269
146,175.0,0.95,1.7,-75.97906379
147,180.0,0.95,3.0,-76.00136452
148,80.0,0.9,1.1,-76.16556082
149,50.0,0.9,1.1,-76.09069073
150,40.0,0.9,1.1,-76.03971275
151,50.0,0.9,1.3,-76.07387109
152,40.0,0.9,1.3,-76.03965328
153,100.0,0.9,1.3,-76.13838207
154,104.52,0.9,1.3,-76.13766321
155,140.0,0.9,1.3,-76.10645213
156,160.0,0.9,1.3,-76.0804401
157,170.0,0.9,1.3,-76.0710513
158,140.0,0.8,1.3,-76.07380941
159,120.0,0.8,1.3,-76.09539221
160,110.0,0.8,1.3,-76.1017628
161,100.0,0.8,1.3,-76.10408457
162,180.0,0.8,1.3,-76.03682402
163,170.0,0.8,1.3,-76.04011533
164,160.0,0.8,1.3,-76.04892841
165,80.0,0.8,1.3,-76.09418085
166,60.0,0.8,1.3,-76.06138675
167,90.0,0.8,1.3,-76.10173577
168,40.0,0.8,0.9,-75.94832759
169,50.0,0.8,0.9,-76.02547427
170,60.0,0.8,0.9,-76.07405132
171,80.0,0.8,0.9,-76.13129673
172,104.52,0.8,0.9,-76.15678728
173,30.0,0.8,2.0,-75.95604079
174,10.0,0.8,2.0,-75.93527687
175,0.0,0.8,2.0,-75.93136594
176,30.0,0.7,2.0,-75.86418471
177,20.0,0.7,2.0,-75.85445851
178,10.0,0.7,2.0,-75.84681472
179,0.0,0.7,2.0,-75.84382217
180,110.0,0.8,0.9,-76.15735876
181,140.0,0.8,0.9,-76.13932691
182,160.0,0.8,0.9,-76.12124228
183,180.0,0.8,0.9,-76.11321509
184,160.0,0.8,0.8,-76.09341785
185,180.0,0.8,0.8,-76.08597264
186,170.0,0.8,0.8,-76.08793354
187,140.0,0.8,0.8,-76.11014472
188,120.0,0.8,0.8,-76.1236942
189,100.0,0.8,0.8,-76.12162339
190,80.0,0.8,0.8,-76.09407718
191,60.0,0.8,0.8,-76.0302786
192,40.0,1.0,1.1,-76.05599415
193,50.0,1.0,1.1,-76.10332535
194,80.0,1.0,1.1,-76.17134868
195,100.0,1.0,1.1,-76.18346575
196,120.0,1.0,1.1,-76.17566969
197,160.0,1.0,1.1,-76.13081059
198,180.0,1.0,1.1,-76.11975313
199,180.0,0.8,1.1,-76.09137086
200,140.0,0.8,1.1,-76.12215984
201,100.0,0.8,1.1,-76.14596907
202,80.0,0.8,1.1,-76.12962735
203,60.0,0.8,1.1,-76.08546951
204,60.0,1.2,2.2,-75.98610727
205,80.0,1.2,2.2,-75.99115989
206,120.0,1.2,2.2,-75.98581912
207,40.0,1.2,1.2,-76.05171449
208,100.0,1.2,1.2,-76.13416394
209,140.0,1.2,1.2,-76.09926265
210,160.0,1.2,1.2,-76.07082933
211,180.0,1.2,1.2,-76.0557545
212,60.0,1.2,1.2,-76.10212495
213,170.0,1.2,1.2,-76.05999403
214,60.0,0.9,1.5,-76.06848103
215,40.0,0.9,1.5,-76.02573284
216,100.0,0.9,1.5,-76.09492424
217,140.0,0.9,1.5,-76.0600661
218,160.0,0.9,1.5,-76.03003101
219,180.0,0.9,1.5,-76.01137364
220,60.0,0.8,1.0,-76.0876739
221,80.0,0.8,1.0,-76.13823515
222,100.0,0.8,1.0,-76.15820797
223,120.0,0.8,1.0,-76.15539711
224,140.0,0.8,1.0,-76.13830395
225,170.0,0.8,1.0,-76.11229959
226,180.0,0.8,1.0,-76.10999387
227,100.0,0.7,0.9,-76.06299591
228,120.0,0.7,0.9,-76.06457041
229,140.0,0.7,0.9,-76.05069176
230,160.0,0.7,0.9,-76.03370345
231,180.0,0.7,0.9,-76.02613921
232,40.0,1.0,1.3,-76.05177904
233,60.0,1.0,1.3,-76.10689973
234,80.0,1.0,1.3,-76.13511246
235,100.0,1.0,1.3,-76.14243296
236,120.0,1.0,1.3,-76.1320824
237,140.0,1.0,1.3,-76.10890761
238,160.0,1.0,1.3,-76.08163306
239,170.0,1.0,1.3,-76.07151341
240,180.0,1.0,1.3,-76.06762676
241,140.0,1.0,1.2,-76.13289067
242,120.0,1.0,1.2,-76.1551362
243,160.0,1.0,1.2,-76.10744225
244,100.0,1.0,1.2,-76.16433094
245,80.0,1.0,1.2,-76.15471091
246,40.0,1.0,1.2,-76.05626133
247,30.0,1.0,1.2,-75.98478583
248,180.0,1.0,1.5,-76.01255469
249,170.0,1.0,1.5,-76.01891405
250,160.0,1.0,1.5,-76.03294375
251,140.0,1.0,1.5,-76.06386461
252,100.0,1.0,1.5,-76.0994219
253,80.0,1.0,1.5,-76.09592623
254,60.0,1.0,1.5,-76.07514999
255,40.0,1.0,1.5,-76.03573565
256,40.0,1.1,1.3,-76.05059656
257,50.0,1.1,1.3,-76.07921364
258,60.0,1.1,1.3,-76.09975161
259,100.0,1.1,1.3,-76.13118531
260,120.0,1.1,1.3,-76.12009924
261,140.0,1.1,1.3,-76.09624936
262,160.0,1.1,1.3,-76.06762518
263,180.0,1.1,1.3,-76.05222399
264,140.0,0.6,1.0,-75.84505286
265,80.0,0.6,0.9,-75.82791507
266,100.0,0.6,0.9,-75.8569712
267,120.0,0.6,0.9,-75.86025151
268,160.0,0.7,1.0,-76.03039523
269,140.0,0.7,1.0,-76.04894027
270,120.0,0.7,1.0,-76.0647855
271,60.0,0.7,1.0,-75.98990902
272,160.0,0.9,1.7,-75.99761983
273,80.0,0.9,1.7,-76.05824273
274,60.0,0.9,1.7,-76.04294753
275,40.0,0.9,1.7,-76.01195845
276,140.0,0.7,0.8,-76.02230188
277,120.0,0.7,0.8,-76.03417745
278,100.0,0.7,0.8,-76.02972194
279,80.0,0.7,0.8,-75.99860948
280,60.0,0.7,0.8,-75.92910659
281,140.0,0.7,1.1,-76.03211541
282,120.0,0.7,1.1,-76.0498082
283,100.0,0.7,1.1,-76.05354837
284,80.0,0.7,1.1,-76.03536681
285,40.0,0.7,1.1,-75.90161639
286,180.0,1.2,1.3,-76.02942458
287,160.0,1.2,1.3,-76.04668722
288,100.0,1.2,1.3,-76.11273207
289,60.0,1.2,1.3,-76.0853956
290,50.0,1.2,1.3,-76.06753484
291,40.0,1.2,1.3,-76.04327316
292,180.0,0.8,1.5,-75.97968419
293,170.0,0.8,1.5,-75.98478328
294,160.0,0.8,1.5,-75.9969996
295,140.0,0.8,1.5,-76.02614063
296,100.0,0.8,1.5,-76.06017338
297,80.0,0.8,1.5,-76.05531954
298,60.0,0.8,1.5,-76.03195124
299,175.0,1.0,1.7,-75.97933919
300,160.0,1.0,1.7,-76.00271375
301,140.0,1.0,1.7,-76.03164844
302,120.0,1.0,1.7,-76.05305378
303,60.0,1.0,1.7,-76.04868511
304,100.0,1.0,1.7,-76.06428249
305,80.0,0.9,2.0,-76.02598185
306,100.0,0.9,2.0,-76.025297
307,140.0,0.9,2.0,-76.0050019
308,180.0,0.9,2.0,-75.98425243
309,180.0,1.3,1.5,-75.95194753
310,179.0,1.3,1.5,-75.95214326
311,170.0,1.3,1.5,-75.96376455
312,160.0,1.3,1.5,-75.98137429
313,140.0,1.3,1.5,-76.01390514
314,120.0,1.3,1.5,-76.03771933
315,100.0,1.3,1.5,-76.04991295
316,80.0,1.3,1.5,-76.04852959
317,60.0,1.3,1.5,-76.03296081
318,40.0,1.3,1.5,-76.00953241
319,180.0,1.1,1.5,-75.99824862
320,140.0,1.1,1.5,-76.0525814
321,120.0,1.1,1.5,-76.0766496
322,100.0,1.1,1.5,-76.08862568
323,60.0,1.1,1.5,-76.0667788
324,40.0,1.1,1.5,-76.03200379
325,180.0,1.2,1.5,-75.97656687
326,170.0,1.2,1.5,-75.98567367
327,160.0,1.2,1.5,-76.00210643
328,100.0,1.2,1.5,-76.07063318
329,80.0,1.2,1.5,-76.06858471
330,140.0,1.2,1.5,-76.03440415
331,120.0,1.2,1.5,-76.05847487
332,60.0,1.2,1.5,-76.05128679
333,170.0,1.0,1.7,-75.98678606
334,170.0,1.0,1.75,-75.9861963
335,40.0,0.9,0.95,-76.01635041
336,80.0,0.9,0.95,-76.17389514
337,100.0,0.9,0.95,-76.19289973
338,104.52,0.9,0.95,-76.19381935
339,110.0,0.9,0.95,-76.19350205
340,140.0,0.9,0.95,-76.17171764
341,170.0,0.9,0.95,-76.14505098
342,50.0,0.9,0.95,-76.08281636
343,180.0,0.9,0.95,-76.14268422
344,175.0,0.9,0.95,-76.14328433
345,20.0,0.9,2.0,-75.97671637
346,10.0,0.9,2.0,-75.96499507
347,0.0,0.9,2.0,-75.95962476
348,0.0,0.95,2.0,-75.96117915
349,0.0,0.9,1.9,-75.94630222
350,0.0,0.9,2.1,-75.86337867
351,0.0,1.0,2.0,-75.95756848
352,5.0,0.9,2.0,-75.96108822
353,30.0,1.1,1.5,-76.00369783
354,110.0,1.1,1.5,-76.08433642
355,175.0,1.1,1.5,-76.00031923
356,80.0,0.75,0.85,-76.0800443
357,140.0,0.75,0.85,-76.0956774
358,120.0,0.75,0.85,-76.1093099
359,160.0,0.75,0.85,-76.0788852
360,170.0,0.75,0.85,-76.07337928
361,180.0,0.75,0.85,-76.07141045
362,80.0,1.1,1.7,-76.05320066
363,60.0,1.1,1.7,-76.0393173
364,120.0,1.1,1.7,-76.04261938
365,80.0,1.3,1.7,-76.0157507
366,100.0,1.3,1.7,-76.01586797
367,120.0,1.3,1.7,-76.0049363
368,140.0,1.3,1.7,-75.98462958
369,160.0,1.3,1.7,-75.95745437
370,170.0,1.3,1.7,-75.94312807
371,175.0,1.3,1.7,-75.93705804
372,100.0,0.7,1.2,-76.03378598
373,120.0,0.7,1.2,-76.02780155
374,80.0,0.7,1.2,-76.01938501
375,140.0,0.7,1.2,-76.00843752
376,60.0,0.8,1.2,-76.0752424
377,80.0,0.8,1.2,-76.1134624
378,100.0,0.8,1.2,-76.12642805
379,120.0,0.8,1.2,-76.11940695
380,140.0,0.8,1.2,-76.09912487
381,160.0,0.8,1.2,-76.07616335
382,180.0,0.8,1.2,-76.06549552
383,150.0,0.8,1.2,-76.08711027
384,170.0,0.8,1.2,-76.06835186
385,100.0,0.85,0.95,-76.18121034
386,104.52,0.85,0.95,-76.18237688
387,110.0,0.85,0.95,-76.18233021
388,120.0,0.85,0.95,-76.17864734
389,140.0,0.85,0.95,-76.16171048
390,100.0,0.75,0.75,-76.04953852
391,140.0,0.75,0.75,-76.04237374
392,80.0,0.85,0.85,-76.14138573
393,140.0,0.85,0.85,-76.14977602
394,100.0,0.85,0.85,-76.16533488
395,160.0,0.85,0.85,-76.13174877
396,180.0,0.85,0.85,-76.12375
397,80.0,0.85,0.95,-76.16076112
398,60.0,0.85,0.95,-76.10910528
399,40.0,0.85,0.95,-75.99632161
400,80.0,1.1,1.2,-76.14497326
401,120.0,1.1,1.2,-76.14266581
402,140.0,1.1,1.2,-76.11953182
403,160.0,1.1,1.2,-76.09263746
404,60.0,1.1,1.2,-76.11581386
405,50.0,1.1,1.2,-76.09199136
406,40.0,1.1,1.2,-76.05704729
407,80.0,1.0,2.0,-76.0310483
408,100.0,0.8,1.7,-76.024316
409,140.0,0.8,1.7,-75.99174138
410,60.0,0.8,1.7,-76.00718663
411,40.0,0.8,1.7,-75.97568946
412,30.0,0.8,1.7,-75.95391842
413,80.0,1.2,2.0,-76.0034215
414,160.0,0.9,1.2,-76.10698843
415,180.0,0.9,1.2,-76.09560352
416,40.0,0.9,1.2,-76.04262681
417,60.0,0.9,1.2,-76.11357398
418,50.0,0.9,1.2,-76.08431733
419,60.0,1.2,1.7,-76.02285577
420,40.0,1.2,1.7,-76.00039167
421,80.0,1.2,1.7,-76.03584505
422,40.0,1.2,1.7,-76.00039167
423,170.0,0.7,1.5,-75.89374859
424,170.0,0.7,1.3,-75.95020097
425,175.0,0.7,1.3,-75.94788774
426,170.0,0.7,1.1,-76.00522379
427,175.0,0.7,1.1,-76.00342638
428,175.0,0.8,1.3,-76.03766583
429,175.0,0.8,1.1,-76.0920168
430,180.0,0.95,1.5,-76.01462278
431,170.0,0.95,1.5,-76.02058007
432,180.0,0.95,1.4,-76.04198977
433,180.0,1.0,1.4,-76.03966187
434,175.0,0.95,1.4,-76.04316156
435,170.0,0.95,1.4,-76.04649403
436,170.0,1.0,1.4,-76.044417
437,170.0,1.05,1.4,-76.03861164
438,10.0,0.9,2.2,-75.97919639
439,10.0,0.9,2.8,-75.99493114
440,10.0,0.9,2.5,-75.99031425
441,10.0,0.9,3.1,-75.99673548
442,10.0,0.95,2.2,-75.98238479
443,10.0,1.0,2.2,-75.98034142
444,100.0,1.1,2.0,-76.02019957
445,120.0,0.65,0.9,-75.98189588
446,120.0,0.65,0.85,-75.97196977
447,120.0,0.65,1.1,-75.9665872
448,120.0,0.75,0.9,-76.1195304
449,120.0,0.6,0.85,-75.85049411
450,100.0,0.65,0.9,-75.97942212
451,140.0,0.65,0.9,-75.96865893
452,120.0,1.4,1.4,-76.03664894
453,120.0,0.95,2.0,-76.02279049
454,175.0,0.95,2.0,-75.99100882
455,180.0,0.95,2.0,-75.98957819
456,180.0,0.95,3.0,-76.00136452
457,180.0,0.95,1.8,-75.98007624
458,140.0,0.95,3.0,-76.00294184
459,120.0,0.95,3.0,-75.99378697
460,100.0,0.95,3.0,-75.99419508
461,90.0,0.95,3.0,-76.00412197
462,80.0,0.95,3.0,-76.00414378
463,60.0,0.95,3.0,-76.00379041
464,5.0,0.95,3.0,-75.99140625
465,178.0,1.0,1.7,-75.97587703
466,178.0,1.0,1.5,-76.01283639
467,180.0,1.5,1.5,-75.90551761
468,45.0,1.0,1.0,-76.07955995
469,30.0,1.0,1.0,-75.93799529
470,30.0,1.1,1.1,-75.97601083
471,35.0,1.2,1.2,-76.02837704
472,40.0,1.3,1.3,-76.03313902
473,30.0,1.3,1.3,-75.9924857
474,35.0,1.5,1.5,-75.98079015
475,30.0,1.5,1.5,-75.97439453
476,25.0,1.5,1.5,-75.95240111
477,25.0,1.3,1.3,-75.94281395
478,35.0,1.7,1.7,-75.93665455
479,30.0,1.7,1.7,-75.94565822
480,20.0,1.7,1.7,-75.9159324
481,30.0,1.5,1.7,-75.96034707
482,30.0,1.3,1.7,-75.97747108
483,30.0,1.2,1.7,-75.98701253
484,25.0,1.5,1.7,-75.95298048
485,25.0,1.3,1.7,-75.9679769
486,25.0,1.2,1.7,-75.97700307
487,30.0,1.1,1.7,-75.99544433
488,30.0,1.0,1.7,-75.99905771
489,30.0,1.3,1.5,-75.98847262
490,30.0,1.2,1.5,-75.99657538
491,25.0,1.1,1.5,-75.98052202
492,25.0,1.3,1.5,-75.9605133
493,30.0,0.9,1.3,-75.98930338
494,30.0,0.8,1.1,-75.9153733
495,30.0,0.9,1.5,-75.99497416
496,30.0,0.9,1.7,-75.9902258
497,25.0,0.9,1.5,-75.97667416
498,25.0,1.0,1.5,-75.9855566
499,25.0,0.9,1.7,-75.97789357
500,30.0,1.1,1.3,-75.99766554
501,25.0,1.1,1.3,-75.94547693
502,35.0,0.8,1.0,-75.93480135
503,45.0,0.9,0.9,-76.04097268
504,40.0,0.95,1.1,-76.05001813
505,40.0,0.95,1.2,-76.05170184
506,100.0,0.95,1.05,-76.19157802
507,120.0,0.95,1.1,-76.17716885
508,80.0,0.95,1.1,-76.17108225
509,30.0,0.95,1.0,-75.92413284
510,30.0,0.9,1.0,-75.90929066
511,30.0,0.9,1.1,-75.94832902
512,30.0,1.0,1.1,-75.96375083
513,35.0,0.9,0.95,-75.96384397
514,30.0,0.85,1.1,-75.93556781
515,30.0,0.95,1.2,-75.98138479
516,30.0,1.0,1.3,-75.99864381
517,35.0,0.85,0.85,-75.89120688
518,30.0,1.1,1.2,-75.98797402
519,25.0,1.1,1.2,-75.91697537
520,35.0,0.85,0.95,-75.94256899
521,35.0,1.0,1.0,-76.00431622
522,35.0,0.9,1.0,-75.97966147
523,35.0,0.8,1.1,-75.96177923
524,35.0,0.9,0.95,-75.96384397
525,50.0,0.85,0.85,-76.03429981
526,50.0,0.85,0.95,-76.06535697
527,50.0,0.8,0.8,-75.97553261
